2435
1304
3290
3101
4899
1251
8167
2498
9199
4383
4597
2368
3387
1665
9305
8935
5639
3558
1702
736
6621
7073
5765
8446
7508
183
9356
9524
1130
8788
7980
3102
305
8774
6361
8431
2978
2896
1135
932
4566
7511
4808
8047
1856
8797
2362
9067
5018
1322
743
6415
3261
6004
6867
3330
3253
8129
7102
9206
1437
4529
3466
7310
7043
9859
8170
1081
383
1963
4436
5615
9905
3161
3415
4598
5411
6227
8932
7136
7872
5540
3766
5640
3080
4100
3638
380
7939
5189
5906
3335
5670
6264
6074
2192
8436
1996
2630
785
4624
5327
3927
1020
5164
4554
5736
1438
8274
8041
6261
7631
7406
8831
7254
6987
9323
3026
3113
3184
3363
3967
337
3093
8847
4668
1954
4302
983
3952
1995
1569
3294
5590
4480
1813
6776
9911
5558
3807
5251
2996
7119
3966
505
8900
2050
8916
3345
9437
3229
634
9418
6458
5433
53
1628
4453
6585
2798
7697
4688
9893
4363
9856
6501
9293
3185
7240
9041
8523
9192
2299
7323
8167
3973
4726
6948
6207
5838
4750
6053
6437
1315
9959
4724
2487
7214
1985
5166
2184
4090
6093
3842
908
8949
9487
5239
4003
2893
8563
9377
1367
7030
1876
5393
795
3518
80
1240
5823
3229
421
5446
6216
6828
7408
3572
4555
6031
3335
8796
8871
493
8296
4045
2248
9741
5943
6024
2017
8084
6589
5164
3069
3538
8939
7649
76
1581
5607
3454
8990
2244
4673
752
4698
9607
8809
8669
153
8333
2996
3443
2590
4993
186
2056
8253
8902
4157
8634
2881
361
1568
6045
5177
6293
3317
7954
5888
978
222
797
1146
1735
338
9074
1532
1157
6106
884
1326
3161
3666
5588
7083
7241
5131
5839
5612
2897
664
4986
5340
332
6961
634
273
6776
6752
7748
3934
2959
8043
6149
7811
6274
2375
3057
1790
3482
6368
1516
9237
1908
9536
4061
9256
908
7155
1315
8535
152
844
7646
9680
2144
9512
7576
594
2950
9611
8895
3569
9980
3002
6363
698
6000
245
7708
5840
3017
4723
5238
3481
9712
5446
8210
987
9504
97
4678
214
7600
6766
3337
7520
89
5099
6034
1703
5338
2453
2250
1696
6077
6370
6446
8584
9230
954
1209
46
8479
6886
9710
2363
6916
1544
441
8256
9248
6006
2396
3603
7900
7433
1171
8351
6949
6593
4842
2753
5411
7603
7393
2090
8281
1454
3363
2273
2217
1394
8635
6189
2768
2444
9432
3989
1353
5610
6738
1734
5157
1120
4875
3980
4601
4766
1979
7041
5417
2449
3385
5723
7567
2786
8610
8301
491
7048
6802
6799
4592
9903
1464
9847
3358
6331
5197
6692
2601
2902
3484
4221
2515
4149
4103
2277
1235
8731
9017
185
3645
5703
4290
51
5323
5124
5106
6725
7928
4351
3347
2952
4169
9813
8250
8375
8689
4529
3347
6425
9846
6966
2998
8113
7046
9375
3132
8777
3370
9173
2544
8218
7117
1991
5563
2451
4936
7238
3020
4887
9266
5478
9502
1627
2583
6203
3831
671
8731
9179
5150
3505
4865
1449
7829
3997
4320
3372
6700
2021
8051
1304
1587
7741
4658
512
411
3131
5872
8079
8981
5058
4444
9536
3792
7917
7768
7895
3450
7297
3571
3980
1095
9077
3617
7332
5791
9582
3212
1080
3857
1965
3841
8510
2077
9744
773
2120
894
4208
8798
5940
8292
796
2673
7898
4105
3207
348
7793
7787
1673
6779
5405
7534
365
3667
7211
3892
8554
8689
5268
3854
3618
7414
3508
121
3244
1328
9416
7949
159
9443
5680
6264
1026
1582
1261
1697
3570
1865
7088
778
9733
2395
3420
8442
9970
5197
7995
2037
265
961
607
71
915
6901
2625
9028
9095
8704
21
1508
1610
1866
377
1218
6334
7501
7394
7670
424
3162
6855
7510
1841
1918
409
2551
5644
7866
323
5913
3081
2420
5247
3862
1340
156
4460
9994
7884
6240
9219
2252
4630
8001
9545
1527
6360
3449
1526
7648
4389
9433
3804
341
6168
1689
3366
8093
4034
3095
7789
3883
8005
7249
1042
3768
3027
4770
5891
4621
2683
4299
3424
8213
8825
470
2111
9462
966
8853
7655
2986
2060
5853
8965
7877
7698
9275
2693
5437
3546
477
7720
4452
815
1710
1056
2052
7267
3850
9362
403
9918
2151
7401
8214
4828
6796
6590
3237
7485
3882
4476
7627
6819
8554
4422
3863
7825
7057
1627
2483
7446
2131
197
7496
4372
6888
3174
2441
4452
7502
7475
8301
2446
5815
8582
361
477
7600
3635
5595
5493
732
7302
1050
3850
8433
1140
4818
4373
2534
9469
7197
8852
2720
1152
6276
5190
9108
9729
5567
2719
5103
4063
4404
9873
3039
8010
8414
2817
1026
235
7998
4409
5970
6021
2966
8841
5263
5677
9882
671
2729
8776
6560
6464
8492
639
5640
7768
9309
3838
7373
8807
9525
1911
5766
2856
4662
1101
3130
9166
7598
3299
2576
4740
5898
9719
2657
5704
4346
4110
3487
9286
2881
7947
960
2494
7102
6808
3991
3200
443
903
2078
3436
8728
7256
4143
8797
788
1821
677
7883
4158
6431
8271
9766
495
7502
5333
6605
5798
8528
2361
2097
1121
6697
4827
5728
7146
8519
9863
9086
4025
2311
2284
785
1850
5719
8454
3433
5016
6368
1004
3222
7894
2642
9165
8150
9463
7856
6348
8366
5947
1770
5090
2332
1087
883
3630
198
9016
7400
679
3859
5119
7587
523
3088
4117
1217
966
4266
6641
4310
925
7669
6081
7527
1988
757
6350
3608
8808
712
6926
3941
5850
4834
5440
101
4923
6112
2877
9938
8221
6528
9105
5651
7320
5693
2015
8328
3894
3627
6966
8882
8813
7560
4863
7177
7740
9094
5612
2143
3550
1750
9640
7471
4381
2332
2263
1500
4979
3820
9944
1501
5384
6465
1755
7926
6608
6444
6428
6902
2192
6757
5930
3438
115
2093
5887
1809
5913
6402
534
3219
8684
6323
8125
4578
4203
8939
4076
1240
6438
8749
908
5355
3854
3356
5997
4903
7706
5697
9542
8727
7500
8137
6261
8167
4621
4116
4474
8146
6097
8121
1600
1984
9524
7559
8390
8898
1931
1821
9420
4831
7932
1445
2704
9790
9935
4408
5577
1070
3861
7933
8047
6483
4047
5856
3528
272
6625
1303
7279
2182
8092
3856
4848
4657
3949
825
2280
902
1382
8777
6621
3617
145
9515
351
4144
8237
8990
4231
6223
3560
3447
5373
1863
1385
4349
4846
653
8009
5538
2290
5796
6223
387
8247
7267
1988
1703
2946
8793
1993
6127
3769
824
9905
8206
3853
7420
6804
8303
6640
573
5282
704
815
6015
6366
9121
6786
110
2470
4878
6777
4827
8599
657
2619
9055
773
101
4958
4824
5925
8742
1682
4121
9387
3513
7654
179
7817
8656
9693
9007
2150
2731
4443
3074
2899
9493
8548
6082
2936
7876
1089
4560
326
1578
5251
4265
4002
6602
5893
2996
2162
5053
7408
662
2780
1110
2259
3095
5931
8045
9641
4518
5071
1068
4572
2611
5179
8116
6375
2009
7918
2151
4139
7139
2390
635
7286
9069
4715
5225
1642
2997
7861
2196
873
5250
9226
4570
7480
9163
2059
2512
3027
6271
4789
5849
5997
9195
2590
2322
6296
2243
9352
3904
7278
2730
8636
4197
2312
2327
3576
6878
4464
4243
9958
3758
6541
3467
2448
4852
4338
9367
3889
6358
9721
9956
3575
2515
9607
9590
3617
5128
9504
8383
1033
7565
6749
6946
1304
2048
3843
2457
4548
366
7208
429
3003
1712
6609
7433
6898
9570
6331
2899
5315
936
1342
2040
3194
6726
8602
3215
5358
3111
3555
5432
1447
6173
1840
6463
5127
4705
7652
9207
8356
3847
2338
3676
7131
5988
4792
6288
8373
3594
1119
8954
2501
436
3336
6125
6284
1176
6062
2178
9342
7735
9226
7101
1499
1035
7518
7733
1300
3795
6074
5336
5210
8716
6853
9779
1442
8504
5529
5760
7677
1389
2322
9215
7128
6335
1840
6781
9611
8439
4869
2431
6437
2506
529
3287
7293
8120
1107
7998
9717
5160
6146
9525
3987
6325
3636
7258
4483
3390
4186
2675
5396
5025
5832
7272
621
5448
5976
1781
7901
5277
9230
4172
1069
894
4800
2693
7310
9779
4403
8461
2477
7155
7537
5024
7006
4582
2567
4950
9695
9857
8907
3206
4902
5404
8005
5643
7051
9273
8023
6543
8745
6648
702
5480
1597
8743
3565
3781
6383
8441
8626
3806
5002
5518
882
3127
6488
6557
4428
5951
7749
5612
8840
154
6361
4581
6992
4183
3559
9450
9779
7531
1702
626
5339
8841
8011
9461
7470
7719
442
9404
1092
1053
6717
441
9364
7473
69
5257
567
9269
62
5863
9554
4906
3740
6950
4923
9309
7272
9060
8095
8280
7048
2487
167
4688
9458
3639
4883
6590
5550
6130
7100
1893
4565
845
790
1166
1129
5749
1481
9623
9611
3094
4390
3265
7083
118
893
1613
5320
8592
7329
98
5079
8749
9145
4685
4138
6701
482
8180
3780
3569
2472
3090
1617
5790
7330
9010
5580
6080
580
6379
6002
260
6916
9536
14
4301
9491
899
1877
5783
4780
5422
7939
4363
4253
919
5955
3123
3137
1231
8941
8842
8897
1231
9450
3741
5778
20
5172
6753
8388
8304
1659
3923
9899
5485
4365
1718
6496
7193
6689
4111
3710
1535
4103
4574
460
6997
1927
2929
4899
1017
3656
9400
4504
5474
6294
9210
8428
4351
4306
9787
2307
6176
2744
5446
4631
5708
8788
3996
4199
7875
8607
2958
2740
9419
4026
8706
9736
6905
5083
3262
8846
6930
737
1882
4887
5886
7134
8163
3872
228
8185
6469
5870
8139
3502
3374
1414
8321
6475
7478
4495
2357
3611
4536
5938
7520
9357
8926
6993
5215
9971
2686
3143
7366
8550
4009
7598
8097
9605
1832
5361
1349
4583
6869
3845
6858
8413
4666
3168
1789
7573
3876
3929
4209
5660
3336
6423
7269
1211
1987
4226
3548
2301
6863
1747
6383
3155
6360
6713
4955
1457
2609
6555
2492
4776
8172
1930
1270
5141
8420
3013
2603
4740
659
808
3463
7263
5582
104
6865
572
4879
2626
9846
5417
6923
3425
1330
2644
920
8915
1808
5672
3424
4898
7856
3954
7688
9921
8807
3615
7728
4305
3625
4497
432
235
3205
793
5988
4684
1556
1176
8212
5772
320
3628
2272
9903
9867
2628
1588
4356
4608
9138
4132
8229
5633
4938
2456
5303
2078
7317
152
1305
9290
6736
4847
3760
4897
8548
2819
844
4427
1710
7537
3530
3452
6017
5754
6064
8593
8168
1611
9931
9291
1521
2865
7361
1901
5625
1423
6929
4661
1205
5149
4141
9111
319
5669
1114
963
2972
3754
3724
5409
4035
5619
8045
1720
1433
1519
6963
3550
1714
6630
7545
6067
3891
255
1315
4379
4099
5533
6321
1473
1987
221
5350
1132
8457
6975
8414
2385
8957
3223
4369
7228
2945
5706
2174
2494
7988
1563
6799
5056
4640
6203
5618
9237
7057
1916
6375
6764
1109
479
7542
9147
8423
1155
5430
4306
3294
1513
8010
7399
2055
2983
6299
2376
8249
1971
4219
7204
714
8993
5736
95
5813
3316
5046
2367
3338
1863
9190
1981
5125
4363
6651
1978
5034
454
2734
9264
7632
4981
4634
8208
9421
8275
3806
9448
1274
6587
8603
2248
390
10000
2119
5470
9775
5446
2103
194
6899
9281
5768
8328
3144
9076
3260
5042
9265
5469
4280
2799
2453
4147
9303
5263
7901
7937
8336
4547
9324
6941
118
6787
7440
5895
3627
9023
4071
7489
6936
4043
5111
7780
3080
2565
846
304
8219
5490
8551
8469
8533
3281
7398
165
1168
7093
9725
7880
392
6240
5818
9974
8931
5920
1076
4119
8906
8333
6551
5144
4247
7858
395
5658
2864
7262
1199
5968
2256
4266
1976
9444
2692
4551
8283
5885
3751
2150
9326
8058
9973
5726
4677
3380
515
9575
3014
6730
8759
5130
7810
4095
8408
2681
6261
6638
3524
2149
875
5191
7700
3124
6781
4225
6141
3041
9941
9117
7518
5142
6800
9330
360
9922
9251
6122
137
1349
2244
7351
7269
1157
5269
6177
2461
7205
339
1985
180
8058
8411
4851
7320
9161
6757
5892
8513
5151
4401
391
3287
7000
696
8936
7004
581
506
5534
1045
361
6770
1721
5400
4943
4498
9705
9249
5642
4244
6658
7816
5822
4015
7547
3335
6984
7530
4831
2472
6162
3267
3523
9419
1675
1043
7780
9438
3874
5883
5789
1203
8464
8309
8437
1680
8540
8711
6788
916
6716
5936
4330
7596
8036
6091
9068
7480
1676
3338
8732
7531
9792
9451
3312
722
1810
1007
6600
6368
8638
2858
6304
2665
3639
1537
5489
1684
5111
4777
3520
3010
3611
3038
7094
4404
9659
9242
1296
5532
1093
5275
6564
9336
9593
7671
5393
4339
5112
5396
6664
8367
6859
3414
1602
2606
8357
54
689
3083
7603
5360
7076
8028
1248
9826
8693
722
4141
1858
7887
1112
4147
5544
8856
7187
9026
2590
8717
5490
8468
7758
2934
8841
8070
2797
3695
9178
9660
7760
2276
3715
7506
2174
1057
7612
9022
2962
1448
1785
4623
1826
4459
6017
9820
8682
6646
4780
5016
4883
5441
3689
8086
227
1561
9061
4506
5767
9812
1285
6671
3313
6001
6148
4355
1336
5044
7039
7742
7014
4748
5264
2359
8939
8683
6948
2217
4165
7533
2171
4141
9695
359
1457
3015
9425
7942
5323
9156
7993
9762
2369
240
3007
908
9671
1996
8720
6662
3611
2452
2131
3222
8680
9488
8470
796
2192
4273
1526
2857
1240
5057
9764
9070
9390
767
6413
3389
4339
9473
9778
5348
3769
6001
315
4823
6650
3415
3867
2458
3404
6795
4275
3453
953
4929
8463
7590
1757
2540
7052
8936
7456
5541
3332
6688
5868
9457
8547
4335
2196
5288
5854
4241
6337
7829
9438
9696
1553
7238
7059
3198
3408
6710
7419
5363
8582
2475
7389
6798
9034
9915
2447
8327
8908
7497
9763
1663
3311
9955
5878
8944
3535
9567
3271
6129
5238
1104
8094
8088
7052
2942
5436
5417
6565
4153
5339
2277
780
8376
3568
6645
5821
7968
3540
9170
2175
1073
8659
779
6735
2948
7872
7593
2358
872
3718
2596
7300
1583
7995
5214
8189
2618
1979
8548
9985
5648
5010
2693
1937
4394
3831
1371
6022
4019
6280
6400
6305
249
546
945
1991
7781
4129
4553
2613
8955
8798
2319
7687
6520
6500
7061
5182
9147
5564
5804
969
8702
7716
940
6239
2123
6610
7615
7111
566
2298
6915
6691
828
4513
4351
8070
3682
3074
2997
1183
6328
6576
3670
7677
4479
7212
1772
7643
9973
8427
5542
2960
6969
8985
9477
771
4113
6846
806
8809
9729
2197
2436
3738
6646
3652
1461
5753
6016
6089
7584
3015
1744
5021
5621
5596
4432
4895
4258
8252
3875
443
5985
4747
7336
9300
3021
2961
2157
6203
3737
2412
7520
538
1091
4506
229
9745
5738
7711
6932
3010
8695
1611
2671
9627
939
2242
352
5227
3121
5861
8148
1889
3579
9285
9020
6366
3350
116
743
5342
7559
9448
2266
674
1968
3912
6151
6595
5016
480
7001
7901
3917
4279
1043
8561
2051
8182
4755
4910
6735
848
668
8784
2586
7765
2117
915
1169
4006
2631
9698
8936
9046
586
43
7174
4746
4507
3841
2094
6851
3554
7620
365
1417
2585
8087
6808
2854
4626
9307
6147
2249
929
3549
8984
8758
7165
3760
8530
6025
3122
4897
7102
5939
3527
196
164
253
5075
4058
835
4335
7882
7534
9002
1431
9520
852
2167
805
334
450
419
9050
9848
1573
7664
7710
9487
7479
8959
3853
4284
6953
2785
7504
6723
8442
5074
5863
1759
4430
9588
1916
8974
9753
2445
2071
8563
4459
1522
7452
6833
4399
1918
1297
2949
1572
5415
9028
9119
3757
1755
3065
3701
6741
3408
7028
5475
5801
769
325
5962
6787
524
6289
3545
8311
5748
2967
652
4257
6321
1201
6503
7962
406
317
4667
9500
7961
3528
9333
982
2887
9194
6312
8321
1648
5177
9961
1761
3446
9887
6970
822
7414
7498
8950
5819
629
1871
6066
8471
7882
8703
9240
9195
5114
1674
7477
90
9556
5365
7809
5955
1102
9491
4463
5802
8296
9656
1257
7830
6813
4533
8091
8049
4700
2605
488
4182
3909
7364
8812
591
2098
5671
1274
7460
577
6014
321
5905
2404
9571
9187
2562
7698
3248
8319
1301
4980
7591
2543
3599
8842
8043
6392
4218
1500
4248
6264
9803
2910
1545
6205
2280
4539
800
8249
3715
3552
2536
5559
744
5027
5655
5547
6808
6873
3798
2979
3944
451
4099
9794
696
3678
764
6246
8240
5644
8183
6371
7873
8012
4756
973
80
6191
6849
8228
9749
8660
8491
6860
7948
2321
8854
2405
591
7575
2910
6312
3293
5933
1198
5617
8423
629
8011
9404
5726
3028
7920
1841
6147
574
2492
7964
896
7450
1987
6713
4192
2359
736
4075
2544
1143
2180
4610
727
4328
6886
8711
1412
7085
1344
8032
8134
6913
1697
2064
4566
2471
9742
4349
7128
5026
3885
8702
8903
7775
4609
3500
6302
1495
9938
6593
951
3073
8373
8930
5845
9597
9688
7397
3709
3829
1951
5671
7511
523
818
7672
8368
2237
7463
8785
3990
9485
5976
83
9748
3549
4360
1133
7017
7930
4490
2120
1080
1290
5551
7918
4128
1021
2017
9512
390
6427
2950
898
4604
9564
8976
2577
8570
4563
2180
4556
1119
7433
9514
6978
5415
5610
4625
4709
4731
4764
3920
9024
2994
442
2839
7140
9824
5822
1887
5119
5052
3632
8520
7203
8030
8104
6534
5136
1552
9042
8686
9878
661
8287
6311
8892
9390
7254
1567
172
1163
1454
2694
573
7308
6634
1904
8354
3064
108
5211
8040
2405
1051
6530
888
8443
1469
5349
8804
9337
2502
9421
7136
5702
8777
8660
125
5670
8667
4370
1986
7956
6124
5503
8788
5038
1841
9369
9465
527
833
2537
306
3
690
4281
4783
9203
7280
340
8372
2119
8081
9003
5463
6887
1885
4719
3026
9536
4360
2329
9611
8930
2652
8858
9806
1069
8470
3627
3348
4682
9812
8426
3382
6250
3052
1990
8131
4395
9397
536
5412
1467
7201
146
3459
9763
3831
8078
5805
7692
3353
3186
2287
2536
7891
3957
1749
7637
614
6215
8996
8520
1229
5603
5133
4229
9869
2562
2423
2906
5021
6564
3019
2680
6879
7840
3607
5640
2785
9215
5434
1193
5175
3184
7837
1328
7648
3881
9393
4635
3521
7963
6501
6228
1192
5111
2394
2256
6410
6435
2321
5139
6644
3255
6876
5663
1807
3766
3540
7209
4055
3785
6170
2737
800
2986
4293
1041
8959
5921
9529
3177
2641
1518
1993
2158
9821
8032
5773
4097
1098
6268
6519
7904
2847
6385
788
4503
3281
3581
4457
7640
6432
4621
2283
5091
9284
9468
7883
4414
3517
249
5527
222
2302
2253
5772
5714
1450
7828
883
1831
9358
4638
9669
1829
1061
4440
4162
334
2946
2656
5468
8423
2481
1515
1944
6049
4322
8636
7440
8875
9410
9691
4923
3153
747
9002
9855
2469
4652
318
1091
9314
4040
5984
3449
7623
3950
7949
6162
1151
89
3706
6553
3563
246
264
9044
1782
3982
9180
5314
1002
96
807
2275
8623
5299
4753
5812
7572
9423
493
1952
3439
7330
1085
4139
9687
5232
1742
303
9377
9966
2154
7395
3651
1698
3212
7802
1308
4903
4239
3569
523
4496
8679
9925
9665
1545
5475
6258
4563
6768
1140
2972
1341
1968
2106
6150
2667
2990
5371
5794
9681
2200
483
6247
6639
4388
6525
893
624
8161
9983
4023
9555
9803
2970
9549
9442
406
1088
7809
8742
1721
3455
6126
8563
1062
4770
8770
3742
1592
5231
2309
1271
1138
543
7614
5238
8684
9047
7057
1492
219
9961
1543
5031
5108
8
7342
9427
2798
2246
3212
8423
5951
8387
4279
7371
1603
125
5813
4647
743
9086
7512
3598
8572
9345
8031
8979
2364
6904
7310
4977
2493
5911
8015
4222
4707
7440
2057
6758
5424
1499
4599
8764
7829
6254
9616
7435
6050
3065
3555
9586
4492
6320
6571
131
7518
8995
9616
8939
6281
1160
7331
7020
3340
8147
5083
6250
1049
75
1483
2820
882
4843
4350
9987
4216
7948
5380
6335
715
4338
8473
4681
8445
8365
4357
4348
1384
752
3771
1906
3874
9685
4426
2505
4048
7629
4947
9821
2878
2851
8511
5877
101
7630
6336
1783
3067
5379
8485
6093
7019
1115
5954
2088
4350
1285
7262
3966
8848
866
6378
2369
6781
7979
8842
2563
7210
9940
4883
8101
5812
2825
4564
7237
4030
9733
3721
3191
6391
6197
9157
6879
9300
9243
2528
3862
6391
3639
6282
1679
8969
7646
8276
7806
123
7925
4765
3009
1376
4734
4678
7854
8601
4812
5816
5609
1161
2174
7353
172
4324
3746
7331
9229
8246
6571
2603
6992
2751
7653
7460
6611
4274
8513
6948
4015
8685
31
6646
1049
8957
4023
7443
4832
6595
9761
4212
8613
3669
4054
8986
270
8801
9151
8117
6946
3786
6906
4584
9532
6160
7521
6770
7321
4804
8669
5451
1190
7312
1378
7617
5757
6149
5417
5502
5668
9375
5708
3621
9286
8371
6628
6151
9336
622
3186
324
3926
6598
6544
8084
8759
5194
7018
5765
9687
569
4479
1994
5962
4922
4546
9054
2522
4711
5595
5703
9258
1418
6765
126
8731
4411
3775
3477
4626
8538
1067
5910
813
6631
6116
3677
551
7085
362
6177
7801
3112
8227
5854
5058
3772
2717
7882
8605
2428
6245
2296
2305
4956
3944
3939
5266
8689
786
8592
539
9489
1484
4103
1800
5194
4049
2468
4604
9590
2110
8449
6174
2480
5827
1265
9211
6425
7311
7491
112
7862
3845
9147
7861
6310
7417
5307
1137
6295
3705
1529
3804
5429
6755
5854
3132
631
8444
9656
2439
6729
352
9888
519
1988
4510
4129
3556
857
2948
2955
8866
7384
6931
8832
148
9621
4453
1731
6217
7375
3326
3122
45
7257
9007
7856
1199
6385
6673
9244
6244
8285
6891
9216
6780
4136
8247
6853
4083
3607
5549
1395
2134
7263
6632
8225
8328
5285
6164
6190
7080
6146
5178
3666
8597
1360
382
5707
6955
8676
8295
9307
5580
6810
7855
9934
9653
5194
5361
7671
7701
5991
3222
2300
718
8952
4003
9957
1443
8310
2779
1866
2130
2236
5625
3610
6981
1220
621
3465
7353
4067
2521
2808
7373
8990
295
8632
7665
3910
7296
4649
641
8927
7564
5456
6060
6214
2111
5516
7251
5119
3937
5509
760
7695
8932
8791
587
9186
2105
6981
1947
5940
8769
9781
8853
271
7672
4926
4496
2842
4498
4205
1770
5047
4170
3576
1356
2051
463
8203
8870
2336
2458
377
4186
9746
4050
8804
8157
987
9021
2824
8332
4021
2664
8486
4568
3420
3787
815
2951
6674
7764
6089
603
898
1922
3659
3402
8173
1141
8047
1148
606
6696
1188
1476
5229
3862
8812
1135
9285
2554
4031
3855
3699
5910
9934
1937
2941
5869
7169
2474
6604
6635
7021
301
4344
4884
4075
6257
8280
2595
6701
1284
9283
9956
7655
5341
1042
6540
7278
686
3916
8863
494
2072
750
2559
227
3575
7110
6160
6679
3496
3201
9843
6091
5217
7989
5074
6506
8799
1699
7443
8947
6849
2040
9879
6499
9941
6868
271
9346
4548
1347
6555
2892
1007
7848
4853
2988
5749
9256
3349
317
4574
4574
9887
8835
195
5665
966
9974
4767
3679
156
531
6956
8119
6055
5378
2960
8292
4759
5200
7942
4164
448
520
8906
3520
6962
6666
3804
1864
4072
2023
9705
6037
3741
1864
6763
2149
4788
4334
3336
3760
723
3929
1351
8399
9585
2132
7075
9140
8193
9066
1045
4399
4649
8488
3529
6345
7210
6305
9684
2791
5556
7041
3517
2943
2082
8300
1084
2833
5511
4906
1730
3279
9768
4780
8378
9282
417
4279
7694
3182
1064
2857
8972
1851
6813
5811
9887
1675
1012
5300
3605
2068
2569
8017
7772
1593
102
7809
9894
367
9590
3107
2920
6201
2780
3773
5291
3006
8634
3539
9243
9487
9368
488
3616
2642
9327
865
6580
1175
8470
3436
8288
4890
7781
2550
3138
5328
4503
1373
3391
9688
6764
5643
1941
8047
4684
3061
6634
2992
3897
4116
612
296
5566
5397
859
6255
515
5701
2516
2292
2904
8113
2279
2072
4362
605
3658
6714
1607
7555
7805
6246
6993
5825
3897
6588
362
1017
6854
1520
4002
6898
1298
276
7565
9250
7075
7106
2371
4762
8427
6999
7235
8715
4148
9077
2111
4404
8374
3583
6814
2448
2821
2550
8396
9182
9260
785
4052
9507
2671
2018
2371
3113
9644
3946
1020
4375
3899
6016
5216
1542
2837
1006
1540
242
7075
1854
9939
7982
4526
5395
7222
4657
6957
1267
2417
2382
9755
1887
7491
9696
6168
6072
8231
6002
6557
5572
8166
1388
8608
8203
9780
8780
7491
6586
31
577
458
3954
8163
9776
97
8559
1153
6535
3330
1514
8976
4712
4350
8391
2135
7229
8046
9114
4389
5904
5873
3951
7767
3816
3739
3385
2586
9818
860
4530
637
9724
9604
3658
3701
8752
6394
8621
5453
5307
4527
2042
7698
7590
535
3120
373
9289
7986
911
9659
2213
8623
2654
2623
4911
1210
265
1280
1982
6285
9609
6613
5966
1847
7699
8610
6913
4960
2171
5591
5215
9097
5511
6982
9418
3403
8592
109
7615
9138
7409
7585
2968
4480
7956
7741
681
8035
4170
9013
5097
8632
3843
1800
7866
3880
8831
7651
5714
2069
597
2231
6481
8899
8436
5116
7886
6068
5382
405
4353
8203
390
7221
4220
1957
4598
500
7476
1753
7144
8622
2259
4867
6974
6405
8841
2430
5076
3640
8657
5034
2500
926
2804
3292
226
4007
1679
1321
5933
6535
1684
5739
855
3396
9898
2836
56
3671
5007
5408
5243
3256
4040
9303
7361
7802
139
5973
6771
7018
3289
7502
7224
9428
7528
459
3980
1414
3277
3878
2383
6714
1766
9258
8171
6250
7101
4522
5878
9723
3034
1112
2827
4335
903
4007
7978
2283
9252
7384
2636
231
379
4977
2647
1671
2205
1551
9742
8679
8885
9559
7488
2214
5844
4212
4801
4789
2440
3190
8710
1417
2702
3763
3986
130
3719
4079
4886
8298
8100
3570
4402
6600
2325
758
6961
8205
5950
2181
7070
6881
8003
8722
6707
8989
8150
2431
1443
7924
6627
7351
9784
9931
3202
8411
8955
3901
7000
2253
3672
1858
5499
7632
1397
3327
6522
5199
9830
8383
4110
5990
4159
6194
8005
4440
9697
344
4781
700
8237
2273
3985
3643
7770
5166
8057
8685
5810
3409
9107
2987
949
3889
5210
5638
4102
8210
5803
8623
7903
3201
6955
1756
1677
4071
2848
967
9791
9312
2369
2581
8381
7537
6033
106
1699
524
7298
3356
288
6479
222
5231
6458
1916
9648
3906
3845
8907
7375
2348
4886
9304
2755
345
6352
776
3131
6999
9288
21
2919
8701
3328
9716
6802
6364
5883
5551
9735
5055
4599
8500
887
8775
2744
7694
6009
6712
2567
8534
1901
8429
314
6928
2914
4517
3949
8897
2662
2163
4109
9008
679
6769
215
746
6400
7017
2302
6769
1777
637
5454
1045
9008
8208
942
202
7897
8345
2742
8554
7870
4910
1373
3655
7879
9930
5579
4104
7376
357
6963
3394
7861
9220
4209
5717
5500
2945
2854
447
3110
6140
9416
5429
9156
9515
6582
859
3850
9603
4424
2411
7730
8706
1785
2192
2945
1609
8349
4510
5521
9201
8545
3873
2235
2437
1863
4995
865
1821
8772
4312
3640
8190
2357
1756
5242
4333
6878
420
1407
364
2811
2547
7347
9841
3532
5958
3347
2633
341
4453
4004
9
4677
5539
9444
5067
2356
2380
9462
5277
9595
3771
5987
7826
1175
887
3300
8914
1437
6432
5598
2497
6908
3718
8537
7556
4606
7175
7966
7805
1191
8314
5673
9553
5387
825
4224
4877
7759
6646
5826
952
2616
6804
5904
8233
6145
1837
8752
9014
5823
478
9375
675
9226
6377
4194
5993
5838
5062
206
1481
652
1395
2600
6508
4510
933
8403
870
5408
7946
5960
3412
1451
7166
6935
8629
593
6448
7661
1098
6711
7309
1594
8699
7464
4704
1346
8351
3073
3241
1288
4194
5590
2724
6981
7322
3816
6220
1437
3495
5231
5894
2455
78
2664
9473
4628
1792
159
2181
9369
6181
1003
3905
4765
4835
9802
647
489
3176
4838
2907
4321
995
7172
5260
3161
2283
2521
4120
6470
5065
4514
6160
6376
6404
7390
3641
4589
8947
7721
8702
5891
2919
4474
6201
9928
5603
2208
8950
4857
965
4013
2393
262
4882
156
1932
528
3972
7060
2344
1078
2117
6212
1330
2670
2004
4454
5044
2933
3981
8922
6850
3567
8104
358
737
5040
8578
6963
5266
9865
1683
3628
2501
7399
5695
4161
1663
1263
839
3517
572
2011
6114
4042
5055
5957
4265
5792
9653
8614
2203
5712
1405
6506
1752
6597
4266
2219
1613
7182
6818
9886
8564
3395
7741
777
258
591
5775
2909
1785
1326
2185
6708
1731
3437
993
200
6347
9236
110
5829
8309
8312
3756
8585
2736
7280
7552
2067
804
6362
5255
7283
8701
9286
2706
3832
2918
38
3507
5793
5851
5074
894
2477
4196
2906
4220
4167
6520
6840
1192
3380
3742
5773
4733
3276
7252
4161
7310
5288
4866
4899
9868
3510
7429
5164
5305
7456
1278
2823
1020
3715
311
1434
4873
6918
5160
7776
6037
2820
5942
1780
6327
6446
4757
9394
8605
3763
2778
135
982
6511
6627
533
5896
126
772
7487
4828
7255
4662
9948
7358
322
4199
4972
6844
9945
5716
2880
4295
7849
7738
1378
5086
3283
8171
8618
2332
5311
9411
8480
2508
5480
8924
7546
1911
4670
8283
9369
4074
2357
3916
4120
7855
6118
2323
6179
2497
5129
4240
5944
8160
3155
3317
3652
8368
860
2557
6253
1945
5121
3795
1801
6296
5647
8260
9424
5176
2929
3662
6619
9828
4704
8854
5383
9532
8315
5360
3042
6645
1832
6146
2358
7871
3146
6710
1194
6775
2339
4126
7431
7535
3532
7386
3021
7378
1647
3133
1117
6951
8687
9658
287
9404
7482
158
6021
3802
6513
4802
3907
6682
9661
2075
112
3932
4885
2481
9927
2659
4944
7804
3963
6554
5646
2420
2133
1939
3535
5404
8458
1375
9159
1633
2737
5918
3999
1452
3068
3290
6285
899
9223
6453
4374
8033
627
1831
5238
4202
5988
9938
8150
5828
2382
8358
530
297
6754
6743
4189
4565
2020
9382
5521
680
7528
7226
2464
9170
99
8719
2246
631
5822
6146
9398
136
3899
7490
2834
1438
7340
9937
5141
4339
7267
750
1601
7822
7988
8238
839
8574
5270
6396
2201
4286
983
500
4267
2917
9314
6994
9448
8055
283
7185
9449
4890
4932
2366
4591
2142
6931
4144
5413
2265
7303
534
7213
2299
6806
7786
4071
539
7556
7146
2242
6989
76
3009
1672
1853
4854
5745
8122
2867
6701
1264
2968
7728
2074
3962
4371
6524
1156
4667
3353
5827
542
2882
7492
1051
2217
2065
1655
5963
1131
7192
7490
9042
4433
3236
9085
4075
1310
8069
5023
2793
2208
259
1519
3173
8977
891
9107
9734
853
8007
9850
3319
7498
5228
9288
2039
7623
5941
7929
6018
2462
894
6212
8215
3925
4629
3211
4654
7787
4438
8078
1183
3461
8812
6819
7085
323
998
2587
7332
1032
3658
278
6441
8204
5843
1072
9672
9309
3485
1634
6893
3425
5010
9386
2974
232
589
5901
3233
1112
3762
2952
5020
7900
4431
543
4540
8002
4278
7475
5021
7361
8878
5057
7501
1155
8924
2972
8988
1044
215
2978
5453
4052
6474
2561
9093
9475
5631
6631
6599
3796
4794
2940
3606
7012
1188
9260
8752
5869
8136
3934
8951
8880
9878
7349
3968
889
906
2529
2263
6159
5673
749
6301
4807
3197
6463
5228
2398
15
8893
4957
2396
516
4035
6457
1214
2332
2543
6465
6426
9178
325
8077
1841
826
1176
7560
5833
4427
2829
8264
9203
9801
1448
3055
234
1011
3732
1489
5364
3145
7709
6150
3415
8941
5584
165
9574
9091
8409
6658
1354
3825
8252
9083
5487
9662
6089
9948
9592
8217
8417
3151
4341
3201
8870
1001
4679
1527
4722
6275
9802
8377
1832
654
6678
6897
4624
3448
2911
557
226
5588
432
9544
3629
3808
2545
4104
4867
4392
2956
1415
8510
9999
239
8179
909
1516
2866
281
6030
8611
4358
2819
7042
6854
2603
2632
6748
4670
7115
2091
9063
9470
5245
9157
6398
6671
4730
10
234
7482
6967
2224
1051
8368
3714
9611
9992
2887
2121
6118
3212
6928
4374
7349
7854
1922
3906
3413
9037
3021
6510
2096
7033
2914
4688
3464
6644
5246
756
2862
3395
142
1199
2979
4724
9014
1743
8431
7747
7662
2136
5756
1193
3126
3599
6733
8868
2617
5569
6916
3260
2977
6211
1311
9143
3749
3737
2305
4600
4960
414
65
9816
1030
544
2647
3220
3742
6863
3502
4786
9652
3824
9046
4077
3157
5721
99
4197
1899
9905
7085
7392
5352
430
2441
8956
7310
9385
3417
2430
2552
2475
480
6540
76
7433
1447
3049
8657
9945
6344
9728
5136
7496
3948
7224
7545
82
811
4638
176
8434
292
5996
559
5726
1632
2017
2817
9367
2055
7196
2437
4061
2205
5105
2736
9786
4653
3803
3777
1680
6378
3429
60
9434
2681
376
8874
9329
9710
3744
6546
8664
717
6166
8253
5201
788
9636
7468
6137
1415
2566
8441
9692
8314
4917
8118
8837
3596
1830
8258
9722
8591
8498
1370
3117
5214
8652
2720
9012
3891
1332
7718
9219
9673
1713
580
6588
7299
9709
6910
7562
6020
1574
518
408
8380
118
9904
3687
1588
7969
9557
3153
8166
6250
5728
6044
3869
8432
4439
9868
8452
1029
7989
4807
1387
6399
5695
3911
9755
5970
4201
970
7170
9177
1278
2650
1026
453
2051
3340
5524
9855
5867
4650
7908
4124
186
9114
2107
5967
199
898
5417
8154
3267
5112
1796
2679
7825
8130
2060
2932
3218
185
2098
7142
444
9790
6454
2101
5966
2505
6369
9743
444
9273
8530
1138
9832
2157
8343
4544
1288
5829
3238
7747
2310
3093
1048
1683
5746
2323
7158
6114
8853
3318
1098
2004
7448
3440
8107
3734
5677
3978
5175
1221
9375
9753
5492
9380
5463
1913
3869
5517
9552
5180
4066
7698
7322
8619
9467
7452
2027
8984
8812
9886
3749
5073
3001
3202
1454
9928
8471
2021
4507
439
1103
3980
6754
3718
6708
4174
1305
4895
2959
6202
8891
8762
101
7934
1623
2232
7872
1515
1594
7506
6874
8541
2369
7297
4237
4322
704
3966
4658
6895
1363
9117
2047
8810
3651
6006
5845
4767
4336
7284
1854
8221
6172
2682
3456
1508
876
7750
583
3228
3413
3339
5743
6590
8217
6732
9170
1042
6066
2753
5214
7134
4934
5439
6321
7589
7259
5410
8336
1241
544
5406
508
824
8188
1755
634
9401
7506
2966
2783
4311
4462
5420
1606
2071
7714
734
2762
2017
7151
7180
3045
2458
1305
5876
3905
3256
7310
499
1925
4400
3529
2302
310
5008
7416
7957
4036
3220
5848
5017
2781
9055
5478
7455
6196
900
6232
9053
5540
1109
6351
7236
5618
5605
1756
6613
3847
9231
8827
7440
6304
9774
7057
2585
5398
4368
8513
501
1789
1348
1829
6594
4202
1366
3687
7528
9062
6777
2111
6353
5131
4841
6280
9228
95
3376
9685
3428
3204
5242
8476
5956
2993
8288
5180
8278
4328
4206
6983
8749
2413
1177
9668
8890
6791
9810
9782
9113
3356
2488
1
1864
7132
2839
680
5135
1847
6806
7863
4005
5611
2789
7584
3415
5265
195
1410
8779
1996
2037
8521
7393
9664
4953
4052
7022
4560
882
6586
3574
230
9259
1427
7231
6434
3548
4187
1025
7926
2032
1691
3151
4822
1846
118
947
186
1345
2208
8140
9684
427
9277
8786
7988
9909
4473
5342
3880
9917
2935
4008
7847
196
54
1269
3453
1754
274
8908
9046
2055
6855
3258
446
3169
4636
6042
8889
6739
8307
8926
7560
2806
2071
6074
6774
4423
1457
318
2370
8419
3024
3018
8006
7737
6999
2316
2066
5094
4277
3448
7685
8602
4902
6216
3601
1113
3490
3626
4425
2455
1425
2678
7859
930
5027
4915
2109
7214
3111
6841
2656
5615
1078
5636
80
9865
8905
1996
5446
836
8733
2358
8626
5673
1624
2858
1715
9771
4735
8518
2355
3044
2681
3281
2089
4245
6879
4919
6781
6866
4520
5396
9838
739
1880
6060
3329
5534
696
5447
8748
7073
549
5300
1611
4281
2380
2180
5771
1322
8759
3223
7946
6950
162
1040
1918
4315
6039
8369
6691
9515
1197
1892
1523
4568
3725
8720
9133
4154
2734
6780
9017
8100
1056
142
9382
5432
5516
1057
7749
7727
9300
2686
3881
8646
9493
121
5373
4310
3640
9488
8861
6832
2745
3213
3695
6965
1793
3125
502
8697
8774
7896
361
7261
5964
7657
1597
1505
8807
8908
6489
8145
1286
1095
2432
3176
5703
5189
6036
1904
4965
4732
1411
167
3042
4071
4665
75
1430
7876
5723
8214
4523
4789
6203
2475
3688
2897
7944
8791
689
810
5660
1059
3626
606
7923
7322
5590
4481
5402
412
6079
6716
1883
7674
662
5116
999
8656
7529
5978
7693
9082
428
4766
1141
9913
8103
3966
308
3933
7782
6805
5060
8437
2360
4592
6696
9547
7338
9923
1689
5400
4446
8843
4094
3103
1839
690
4678
7156
6249
7932
2745
5099
9725
8927
3178
9860
2730
6988
5320
4516
7301
9774
2184
6591
9579
8826
6346
8754
1569
782
6171
368
1342
7925
3351
5303
9460
6442
902
3980
943
5193
8161
3426
9964
6601
6751
8526
4757
1350
2633
9736
5892
1228
4973
7174
269
9334
184
7311
9745
3358
3988
7630
9578
2596
9162
3265
3582
7978
446
339
4181
9910
8444
416
1421
5272
2581
5866
7538
406
2647
3726
1187
5569
2510
9330
1468
2826
2963
5483
8901
9265
3635
3484
7703
7318
640
7819
5272
696
2133
4437
8331
2363
7572
5788
8996
6334
1657
5685
924
6892
222
1338
553
8552
2394
379
6588
9614
3064
4356
8957
7457
6296
9023
8438
5627
5380
8129
9171
657
8880
6790
6643
3388
9863
9424
1198
2163
4978
8938
9547
6241
8070
2504
4964
5924
67
1947
4766
1219
3389
9172
9457
2999
5729
8173
9672
8923
9961
6274
4508
2517
626
984
6216
5809
9976
2097
9143
5206
3437
2937
3137
3977
7777
5346
7021
3854
9002
2658
2263
2999
3561
5622
3628
7705
6058
5472
3258
175
1569
4208
4482
1718
8117
3643
478
4966
8267
2300
9711
8276
4308
9827
1195
7855
7575
576
5790
9584
9673
7697
1684
2748
2386
7843
4653
4669
7667
5823
4470
2934
2882
1251
8082
6255
7288
1909
4624
8713
5526
9073
72
5210
7582
2874
515
6878
1915
571
8960
2903
5455
9415
4559
5630
9502
7875
773
2837
4968
8039
5626
1541
9794
1551
8184
3513
8485
874
6319
8641
6151
2769
6109
7715
1083
100
146
2403
1246
3894
7199
2426
4768
6054
9961
9623
930
333
5217
6706
2292
8286
1597
7720
7232
3641
576
3488
5432
2749
3028
4592
83
1704
1978
5809
8981
1146
7225
1597
2181
3480
779
5879
729
4980
4652
4235
6742
5475
8464
2063
1733
5209
5934
5934
2348
5329
8317
4975
828
6796
6776
1551
1844
8438
2245
5125
9979
7276
2261
4437
4509
4065
9955
3790
5131
4947
5225
5969
2912
9464
4799
5620
5339
4737
8988
3366
4152
5747
5816
153
8032
4694
1918
4823
379
5108
9440
5915
8988
1595
2975
9751
8824
6350
9448
2001
9206
991
8559
6353
8437
9088
2951
6892
3933
5527
910
4769
7420
9136
7766
8455
2431
1449
5552
5134
8755
8165
769
5229
4949
9874
6488
8382
8276
3493
8617
239
6996
9931
4865
7642
6292
4623
1172
7906
4805
3982
5474
460
3964
2390
9475
9361
719
5488
7653
3664
5890
3128
4488
2347
144
5440
8459
7435
1670
1850
1636
7740
8103
5735
2800
8834
62
492
3078
8443
5247
8532
8889
7761
7342
585
1811
3194
7603
7005
6322
188
9471
7276
6066
1952
9529
2307
2849
2481
1725
6796
6401
2512
2986
9006
143
6047
53
1042
306
8057
2297
8755
9409
4087
4237
3260
199
8450
1316
5393
8676
4947
789
3868
3012
6042
8901
3002
4197
1325
6764
4249
7040
6349
7747
4781
1259
1752
797
1652
1600
5010
3185
7339
500
9685
188
4226
365
4728
7663
5477
3666
316
6441
7333
9660
7771
3924
1723
2397
6622
6069
6538
1666
9270
8287
3899
6128
260
4363
797
995
4026
8406
84
5801
5600
153
1845
8376
7692
9031
4010
7584
3726
364
9267
2484
8693
7467
2408
5920
4141
5476
8233
7355
1828
1048
5772
9608
4139
7597
4993
6708
4530
5573
7157
3065
5963
2907
5931
698
3013
124
5628
292
6787
102
3397
1980
161
4464
852
4509
8885
9033
5251
4019
8651
3011
4517
305
3992
7958
2834
7299
9805
6028
3284
8759
600
8461
5676
6526
3090
2500
7382
4330
6257
1739
131
1221
2567
9847
1871
2233
7842
5070
1028
6797
4658
7657
3094
5685
2601
6074
4755
7384
8017
5124
727
4454
1233
100
3726
1635
3007
959
6638
9343
2456
7738
7222
7385
6919
5047
1702
6453
1516
8388
7930
2019
1086
5174
1714
8878
55
7127
4465
6596
4443
3786
7878
1528
9627
2347
1977
6780
2120
6233
4921
6705
1267
16
4382
3259
2937
2530
9238
5305
8531
8827
9282
4526
5543
6205
4243
2192
3770
1955
5415
3985
8474
1477
8510
1772
9177
1724
569
9225
9062
1104
1818
9835
177
2318
9646
2588
9928
8880
4373
6474
7943
369
4492
8391
4708
7566
9665
2696
6734
8283
1590
9091
5060
9614
3005
6516
741
331
7441
5946
1740
2290
4382
2919
892
2118
3150
1630
9052
283
6033
9908
7305
1942
3949
742
4416
5038
2273
495
6457
7913
1022
1030
7261
5465
5006
9497
5625
5718
2986
9259
8898
721
4848
7247
3893
3737
8822
1649
5101
1476
4929
4571
915
5682
5299
3082
7175
4077
8219
5053
2957
5522
3888
3280
835
1740
6873
2961
9963
58
6706
8793
5297
9696
9302
1153
5875
2073
8696
5612
9109
5006
3938
9008
5740
3543
3565
1775
2838
7765
7547
6572
140
8265
8682
9085
8792
3598
7889
1350
255
4560
9607
8112
3693
2393
1056
1611
5407
9421
2126
878
749
6830
3553
9377
2450
9266
7010
7026
2222
7752
121
9307
9022
2075
2744
3560
9874
6218
7537
3684
7039
698
3914
2300
1566
2458
9989
1788
1469
8655
5832
3505
8882
3502
1822
2117
8219
3503
7737
902
5027
7769
8104
7212
1279
194
4789
4059
6399
7982
4425
7601
6401
5046
615
3569
3362
5827
6794
374
5764
8917
1959
2164
1547
9976
4109
7961
8952
9373
1735
6771
1729
1796
6861
9899
7659
6316
1051
1382
5095
1407
353
9251
9007
1736
2496
3610
5259
3356
3886
6071
6391
441
779
480
9591
8537
8435
1898
435
1962
4327
4201
9198
3928
4544
103
7687
2751
1760
8810
8771
4086
9354
2158
6455
867
1938
5538
1691
2578
8659
5815
3248
4535
1661
5087
1100
8877
8619
2987
6881
3189
9200
8308
582
8672
9193
5345
9546
4610
5721
8647
9906
8020
2442
5276
6211
2231
8856
6701
9710
7125
9430
5602
6698
7757
2390
5569
5058
6038
2292
3134
8528
5816
9434
2560
8463
6507
5871
4455
4326
7618
8278
3868
5022
6740
1653
5819
7945
9613
1434
1803
4227
9075
1386
9804
6882
5328
3410
8351
5081
712
3624
9096
7419
6266
985
4324
5701
3316
7356
7487
1852
4128
5747
834
7216
3147
7727
3710
5131
6788
2646
1292
2840
1179
5215
6022
2533
373
1560
1921
2028
8516
3916
7436
4708
342
3821
1779
1027
2247
7659
7787
2066
5293
9726
8069
8245
1208
7288
8134
6449
397
4880
6912
5728
9736
4100
7229
4971
7258
7415
1163
585
9646
9895
2183
3903
7126
785
4048
5474
7481
4638
5283
9014
1553
1649
2074
1638
9461
885
2311
171
1179
2226
3009
4475
4150
3252
5762
2263
6721
7055
5122
1037
4605
1752
9153
1968
8598
6959
1016
7928
336
7204
9325
2550
5383
8411
8387
5900
1139
1129
3382
5179
2013
4970
6050
1760
9457
227
9312
8360
1535
9308
2814
4709
3915
4063
485
6522
4592
6430
2021
2466
4687
7113
9795
7399
3533
1530
816
2285
9341
9867
957
5300
5895
4075
7876
7488
785
2483
9882
2044
9566
7882
3326
721
3349
3281
1825
3225
1539
9466
4996
9184
8615
9467
2293
3947
9340
4866
1010
3823
8469
4418
4436
4928
3226
4900
5982
2474
2319
1895
5730
3448
2792
9568
1339
1668
1485
1910
484
2976
8297
4731
7706
9454
3328
1638
2619
2382
8382
4022
9700
2049
3418
6077
3919
9810
4117
4809
2037
8052
1339
2995
9141
4920
799
3863
1558
3841
478
5799
6482
4401
8420
5925
1497
2668
9199
2313
8333
6764
49
5223
1504
972
8978
1201
3439
5775
2947
2713
664
2199
7739
4930
2239
9957
1392
1816
831
9325
8408
6780
5275
6060
2513
2586
327
9314
6225
3606
889
6116
9911
9380
4556
4067
8225
878
3565
8984
4779
9990
8685
2405
7306
9648
7123
8262
4196
2164
5839
6601
9986
9938
8902
9570
7056
3691
1655
2378
3660
7180
1239
5486
6211
5874
1336
3106
9290
6710
3367
8115
7742
7045
2338
6653
4435
5938
7845
3459
944
3649
5589
1002
753
1063
319
809
4474
4254
9587
5777
918
1324
1204
8185
1480
2933
387
3809
9410
348
41
4605
5380
4641
1260
8887
233
6921
4894
7413
3141
2365
1851
2269
4107
529
9295
8243
4148
8118
7030
6234
4101
4855
184
7534
2288
1595
9072
3909
2772
9643
8732
3664
7950
7608
8166
9291
3161
1876
3978
5939
6844
4702
3919
8890
5348
2782
7692
742
8068
7217
7628
6959
2762
5755
9773
2504
1586
7997
2800
8752
6669
799
8693
6782
2591
874
9107
9514
6329
4827
5378
494
2353
912
3804
4380
5597
3634
452
2999
221
4859
5662
2316
3315
7057
5659
4997
813
4236
8933
7781
7602
8712
8729
1873
1741
6325
9298
8110
8547
6160
6496
430
8372
634
2296
2500
3779
6304
6667
8128
6139
3718
1108
1953
6870
8103
8602
9058
1433
4207
4358
9349
5113
8292
2790
7162
6362
9935
7386
2262
3766
1270
1332
3962
7042
8920
4973
6149
7971
3329
9743
2773
2261
4692
4822
6754
8539
7562
2237
3099
6275
3913
6094
1988
8865
511
2291
1470
9797
638
4278
4229
9692
2361
2846
5505
6682
9637
759
7216
1863
7690
5972
9356
7173
6178
856
1979
4608
3027
5391
7221
5876
2153
5231
136
7484
1063
7519
8833
5657
7951
3179
8031
8898
7295
1020
4991
3162
5636
126
3828
5406
7965
1769
4730
9461
972
6577
2170
3792
978
1127
9772
2610
3516
4960
4330
6932
9704
2209
5057
615
7653
571
2415
4650
6858
4875
3933
6948
3503
5405
7015
370
6281
2336
6682
3666
6757
7615
6081
1632
1443
874
844
9001
3925
3261
9765
2028
1034
2628
9089
6319
30
871
9724
9225
464
7703
7286
7286
1868
7992
9770
7739
1750
6224
5533
1172
9713
6638
2206
1069
9258
4482
6003
7880
7710
2244
8838
3511
7611
367
4130
7311
724
2338
2398
1039
3229
3996
4071
1343
3035
8996
317
2622
4891
9398
3341
751
8207
5033
7544
925
1698
53
3716
4740
1142
2012
3157
4528
9619
3093
3350
7412
4756
3060
8582
3639
197
6275
1859
3494
2038
7994
3557
5388
3456
1457
599
7289
90
7820
8666
1596
2870
6137
7774
9472
2559
7146
3258
5265
684
1135
9574
7947
4266
9024
1269
9096
60
5465
5271
2888
3566
6979
4202
8708
8001
3950
7163
3188
9824
6848
4745
2615
7458
1431
5031
9961
3399
2734
7411
5903
3429
9760
5420
8383
409
3862
107
8379
1765
182
6734
4970
3066
1262
3775
1738
1413
6258
2112
2746
557
9008
5327
1629
679
5768
8034
405
4878
1485
4032
1253
3772
4258
6550
2452
811
4370
1820
5448
2480
7274
5840
3286
9507
77
9065
5879
5340
5294
3228
1324
2723
1073
6920
2671
9955
8205
6369
8458
4637
2992
7584
9052
4317
4944
5717
3985
4633
1056
1172
2545
9445
6658
814
4462
8290
5537
6584
4440
2023
4704
6453
5603
5148
2268
3383
5288
7675
1081
1546
9246
8011
7952
2192
954
7511
5711
1496
938
9019
3172
4401
2701
3731
3444
8316
5759
4430
5340
3803
4746
8746
6179
2164
1721
9913
8293
9203
8889
2959
5282
8059
5304
8935
3616
4081
8742
1592
4026
1559
7525
249
8843
4721
1033
946
2270
7947
3460
7161
3723
3152
2504
1730
461
3015
8588
7734
6044
8509
9199
8713
3265
2593
7011
9213
7916
9323
4398
3240
3459
2517
4748
3651
2533
3627
7107
1646
1646
8939
6986
379
9184
6873
5821
4784
9997
5372
5201
7841
5484
4236
8530
5109
7111
8748
6890
2851
6481
1393
6410
9272
9224
5599
1856
8190
9547
3721
4341
6663
668
674
2544
3826
3972
28
6759
3938
584
514
4208
5157
4997
4504
1141
6517
6546
2263
7601
7972
3125
9408
1753
8990
7398
4602
3348
9909
9282
5767
2389
4374
132
2245
519
3108
8235
6757
2974
9947
8096
741
4116
9847
2682
151
5397
5010
626
3930
1505
5880
1620
6826
5495
5800
2351
2663
1617
825
3228
687
8043
3555
451
4424
7908
2154
9373
8707
65
1516
1728
895
2343
6544
3746
2350
8692
8726
1841
5726
3245
6817
390
9369
1012
3114
5580
7890
395
5358
1829
1034
207
167
6323
2311
107
7710
4968
1225
6706
5576
8999
3007
4050
1572
7774
8051
6238
8332
2413
7349
2234
3178
1837
1643
7148
4151
5696
1937
9118
3478
7819
7922
7708
5028
2445
9432
263
515
4028
595
4817
849
801
9968
9990
9727
5678
5509
2954
2052
8081
5082
7156
525
4502
632
8367
2673
9593
3404
1832
3126
5345
1138
6078
3997
2548
1768
8515
6226
4858
8418
97
2041
8818
2039
164
8612
1466
125
3360
1454
7990
4943
9921
9422
1645
3570
8158
1998
3595
9962
2858
7755
7126
8201
2695
6231
3175
6982
1435
7445
8519
7083
3533
930
1930
8300
4712
9858
8737
6547
2544
5049
3730
108
4871
3972
4723
2648
1895
83
2618
6742
9886
7241
2467
2246
6441
6012
9407
5124
1510
1030
794
5058
1028
2594
7458
836
8347
1348
2123
597
9743
9329
822
8833
1074
3747
3775
1128
9042
166
7151
156
6401
6846
197
6632
2773
998
9798
6155
6103
3855
997
7641
739
6400
9375
1574
47
5092
126
8611
975
2378
5965
9385
9498
6300
8246
898
4967
8618
1890
1560
4499
1847
4708
6111
8035
4537
8621
9038
9110
8935
2976
3091
5009
704
7742
9556
3224
7843
5619
659
3226
1717
7197
7409
3212
6226
1454
5931
5838
6132
9986
2979
164
3303
5970
2140
1617
5415
3943
5007
701
9850
8290
709
2728
4602
3517
8513
1352
2162
6232
6250
1877
5305
7078
8371
2185
8482
5338
956
1147
8511
2768
9080
7241
7039
8407
9867
931
2426
4144
8878
4719
5060
9174
1587
6648
8577
6588
6117
2821
5576
2221
2576
6266
8553
3242
9248
1457
3238
5888
5043
9257
9715
7450
9246
8798
9
7456
6230
5925
1560
1608
7129
625
4103
7994
4254
8358
5102
6393
2553
7754
6047
3822
5654
1979
4781
3138
7283
9096
1993
5467
7895
7858
7209
943
2539
5405
877
2765
9446
6404
9987
6651
1780
5993
9075
3555
4107
6327
2620
1591
8561
3324
5092
7722
6679
4406
338
4947
7861
3511
5351
2210
6514
8530
8660
620
8484
9521
9995
5640
9560
7876
7659
4180
4141
7248
2301
3453
3217
66
5938
3990
8772
2354
6968
2855
2092
2253
4458
5225
9922
7718
9987
4703
5971
83
8465
384
4840
9761
5565
2408
7332
1190
2799
7147
5481
37
9019
7849
6048
9462
1988
5051
9227
9129
8588
8182
4718
9384
4229
1056
1979
4345
388
3728
3568
877
2951
1681
7845
6851
7608
3458
5991
3240
2318
1358
903
7351
1985
9982
1094
4002
5543
4576
5819
3771
4573
2421
7454
4220
333
6471
5640
7000
2659
6501
143
8987
3960
2507
1485
8781
5974
557
1658
6838
212
1790
7440
4850
1870
9156
173
8016
3477
2034
9619
101
5341
1082
9376
8225
5435
5976
2068
1043
6810
9550
4306
4636
3560
4451
123
795
6890
2771
8006
9833
3966
9816
3108
4520
9109
4987
7709
527
7000
2243
7439
9621
9655
4152
3835
9843
1837
4850
9743
4769
6627
8495
4755
2275
8373
2297
8887
5092
160
5097
7243
8732
5328
6668
5726
1397
5632
1504
2121
9911
9861
1086
4723
5925
3208
4102
6773
7930
4696
4072
5850
8000
2042
8604
9862
9713
5021
3954
9135
3638
9054
2257
191
8495
8346
9052
1655
8734
851
1656
6893
1974
5674
6871
3315
5330
6367
4604
5652
8702
5548
6131
4334
1796
2517
1089
8241
7244
8667
6178
6966
4253
5108
8987
5413
1581
9493
6928
6595
6085
9977
9948
2775
7378
1535
1715
3032
5494
8738
2194
3489
7904
5232
7358
4312
859
250
5844
7534
3073
501
2402
965
4085
4206
520
7866
6034
522
1907
5249
5460
7010
5552
4940
6965
3360
5439
9153
7678
846
3560
2815
2284
291
8053
5320
3541
5158
5730
8485
2075
6800
6398
7333
817
7528
8224
3350
3783
393
6262
9313
6830
2688
3027
4057
718
3178
3089
6575
1816
552
2887
7705
8516
4777
535
7694
974
1495
846
3896
1874
8508
2700
8948
9271
4521
5072
8324
3237
3659
8434
3100
9122
4204
6187
5193
6619
3177
8624
2467
1147
7604
5508
7125
6011
804
9422
1228
1788
8460
9486
8357
5745
1963
5247
427
2923
3425
8144
2439
1260
4531
2123
7037
6322
9131
158
1991
3406
5543
7682
4431
6786
8686
9647
6205
3971
9932
4239
9766
9430
6234
7426
8785
569
8190
9959
7658
2751
2939
6627
5999
6258
7608
7707
1772
8523
666
7091
8703
225
5241
2225
2660
1529
5796
5231
1492
6128
6283
7621
6798
2394
5008
1639
163
1503
4746
1390
1960
1018
3204
410
9357
2860
5227
3968
7054
2674
7780
8543
4262
8731
2161
4674
658
9143
4960
1823
6565
6736
6347
9925
9166
5256
5340
2394
9077
982
5102
1918
8932
3307
1467
1992
1945
5627
8123
3986
6120
1560
5024
1121
5849
2801
5340
1643
7437
3921
5035
7998
183
1549
9946
2915
3571
6017
6964
3998
6303
3530
5134
2724
1428
7389
7419
1716
8976
8893
9554
4625
2438
9509
1792
8625
4451
2539
9134
9693
6675
6829
6285
8527
4768
9578
4897
257
3173
9334
3960
8396
2246
1535
2757
4773
7759
2652
7129
2855
3853
1352
4258
6526
127
2517
2700
4311
3959
5645
2312
1451
1170
6145
252
4064
5474
7348
2601
5007
4992
1758
3333
351
743
2035
2663
4484
8659
6006
4345
7164
4200
7461
861
5015
5181
7522
5701
8122
2741
6279
4889
3131
4836
630
2261
5829
4224
4248
9429
9363
6590
6301
3874
3737
4930
2922
9604
8515
7453
414
4102
5821
1013
727
9650
7455
32
7929
2061
7478
2927
4246
8877
2790
5595
1821
3975
2158
465
5904
6455
2312
2703
8398
5784
3059
3574
2314
9498
6372
3268
3090
5416
853
1435
9900
4964
5697
1531
7090
8725
8320
8763
9546
9393
5674
7692
4478
9482
1314
2797
8336
1746
6963
2705
8558
2594
458
7473
6755
3131
8559
1752
3632
174
7041
8111
8716
6853
3061
3080
3433
8611
4377
350
8918
4994
9128
3146
9958
6217
1044
2642
2480
5228
487
4021
4379
555
7094
2614
1962
5814
2810
3224
1191
4075
2489
8120
1283
77
3391
966
8780
1685
3590
4929
7443
7935
2509
1020
1517
3836
6397
88
5385
4647
2969
2245
1153
6789
4025
411
7158
5932
5505
2926
7522
1108
7800
4687
9345
7566
7951
4499
3241
1167
4781
7278
9111
6238
9279
3642
191
9710
4495
8465
3826
6920
2269
5425
1339
7376
5625
2244
4561
4970
3040
2782
9959
3960
9606
9381
5497
1165
9989
7933
8715
8452
3379
4706
4188
8508
3653
7302
4903
7789
9743
5310
9152
2599
5757
6012
9694
8233
2508
5213
8930
5112
729
1644
3607
2189
7979
1104
4480
8481
4382
5093
9280
8388
6595
3957
9779
8206
5246
2227
8271
837
8374
6956
6477
8715
5559
6733
167
7413
4641
816
1875
2040
3577
3179
767
114
6789
6575
3338
458
4531
4908
8605
4849
4433
2650
8182
3354
5111
6451
7144
1794
3358
7152
2501
9768
78
2815
3972
6656
9848
6840
3310
1820
7174
4651
9430
2073
6175
7608
5348
8010
6301
1836
296
6516
2578
9277
6082
2608
9639
2754
7459
5445
7883
5878
3588
714
8625
3630
3739
6233
157
2541
1355
5757
9217
2187
8332
3632
3864
5788
5445
9993
6941
1109
4967
9270
7390
5221
4635
7703
6496
2863
8944
8709
8515
1118
6486
7071
7111
6540
893
8355
7345
7276
2252
4494
2201
324
9725
5355
8772
6035
8493
2258
637
6238
4705
1496
5733
6255
7262
4176
3649
1586
5573
1850
5330
3227
8530
2811
1128
1587
296
3261
8233
9305
729
6997
3588
3388
5974
8906
4516
526
8045
2563
5914
6092
8997
5766
559
4013
8094
4501
9406
9939
6090
6107
6258
7383
5265
9201
7322
7108
5072
9313
7576
2894
8383
1064
5212
4452
7345
7510
9359
14
5663
9684
7974
9215
1772
4757
8289
3044
3679
5273
9625
1399
5447
4436
3554
1078
2909
9475
1425
9988
540
1601
6289
1663
5381
3989
5234
8527
8623
7008
4557
7812
8192
3410
4271
1402
655
2128
6551
1276
9516
5551
9306
9485
5844
6927
6851
2561
4310
7710
1682
4703
9103
7085
5123
3726
528
2912
8990
8151
4628
5964
9069
2177
5787
3576
3720
580
8470
2618
8882
331
4263
7671
4671
4942
7935
4449
2550
1729
9923
5478
2088
2846
9033
990
993
6681
9362
4209
9262
9661
4841
3051
4544
1684
3444
3243
8065
2827
8200
6930
2587
6987
1785
3858
1043
947
4002
2101
9392
6013
9370
9034
102
1846
6106
7326
1336
8204
8155
457
604
7330
7879
2690
5833
2614
5769
5852
1873
3475
9046
291
9661
1317
1500
3320
903
248
5792
2541
5087
4270
3449
8961
4227
3287
587
4050
6561
4481
6069
5526
2924
7888
9335
8142
3119
1068
1531
7039
1531
8661
8260
4472
9280
6170
9504
4689
1479
7024
3136
5950
8914
4236
6648
3841
2264
6501
833
5459
1923
9663
4774
5120
9008
6232
9490
6734
3051
6454
857
4464
6950
5133
9589
9938
7719
8191
4182
5843
3375
4830
5130
7356
4137
7871
575
6310
5834
991
2872
1729
1775
7576
978
8549
2045
6406
2198
5649
3375
5358
7560
1418
6905
2048
5936
7218
7605
9244
1135
2260
4000
5146
1022
3661
5112
5974
3696
2406
3310
5055
2054
6076
4829
6041
2867
3024
2780
6044
2150
9891
3739
796
2948
5781
2051
2135
3854
7153
813
6608
5282
9471
9402
413
5568
7589
3268
5572
8023
7065
7538
6438
9864
3929
192
1078
3896
1122
7487
6115
1378
1529
2755
392
8687
7950
5017
7790
9662
8464
3313
5955
2930
7491
5541
5200
7733
1164
9608
3996
3555
8399
6566
137
3766
2151
8726
3400
1001
5987
5900
7071
8160
7763
8694
6793
9694
1158
2568
1326
7140
4449
4089
834
8780
3377
38
683
879
582
5861
4990
9290
1783
5250
9202
6128
3219
9985
7797
6846
7434
747
816
7769
3525
1213
1443
865
7806
1321
874
9151
172
1625
2400
3377
6055
548
2664
5661
2194
4643
3533
7247
9415
4180
6008
2142
5944
7044
1116
592
6844
9657
3759
4302
6615
840
6085
751
1893
1057
3923
7109
1760
3525
2755
5966
524
7031
166
2815
7223
8318
7889
7429
4552
1666
3015
1781
701
1197
5941
2332
7559
1376
5161
3173
6244
7241
9669
6806
4637
545
5792
1523
4416
7245
1580
1040
5616
3016
2678
8309
8754
5450
3253
4554