120
727
547
188
925
796
300
253
284
2
653
90
457
598
312
353
616
786
951
48
526
874
927
247
600
223
472
276
379
112
175
798
855
19
198
691
412
591
812
246
232
82
38
234
656
960
970
670
399
666
704
766
586
762
693
689
327
523
47
695
816
418
972
569
31
912
427
285
620
926
164
502
423
879
97
201
585
199
670
209
526
311
375
108
277
146
557
234
883
608
281
179
399
643
771
738
87
255
907
202
501
938
681
228
212
50
627
467
753
708
825
863
482
356
534
150
12
486
379
395
436
736
550
499
292
833
83
755
490
598
110
590
192
194
420
835
744
729
299
201
153
853
147
607
451
741
5
362
703
865
365
798
80
140
91
543
216
931
598
80
228
431
852
807
790
419
122
235
327
467
805
890
826
916
154
178
583
144
594
25
837
122
892
582
558
14
292
812
189
491
339
903
92
820
782
677
477
865
378
472
85
606
787
906
875
284
732
237
384
32
687
510
310
689
776
996
249
313
521
910
590
492
778
324
937
489
116
264
495
715
191
758
667
974
610
682
861
683
795
614
900
633
479
343
211
577
352
318
969
992
103
989
260
974
739
1000
524
934
222
147
655
801
372
783
661
685
637
236
523
33
714
341
373
931
454
582
603
324
492
560
369
225
867
963
774
581
812
751
164
671
323
956
916
562
495
528
770
806
785
655
783
166
57
918
551
403
906
386
707
670
897
410
628
299
266
8
26
341
14
306
48
946
5
639
436
303
102
425
174
735
51
214
628
299
256
670
568
822
894
122
510
992
754
355
284
127
703
548
595
634
351
149
415
714
913
184
551
845
920
987
48
703
167
589
370
693
39
930
773
385
231
509
665
473
926
47
523
179
565
945
3
962
484
160
245
379
102
3
665
803
647
315
839
800
211
146
306
131
598
842
686
483
940
290
376
951
699
326
93
513
514
46
320
735
657
945
154
947
570
282
645
570
534
703
303
915
1
980
953
831
209
321
785
1000
333
129
462
537
823
54
24
345
795
425
944
930
705
830
404
83
183
500
72
176
323
521
336
944
328
214
267
534
879
485
151
520
488
605
667
459
878
50
416
789
808
293
337
287
594
583
984
174
573
917
390
736
393
985
119
664
693
194
191
527
781
978
225
162
688
965
68
329
908
557
145
247
12
281
689
199
693
817
409
337
118
159
480
154
280
539
953
968
29
582
695
232
976
239
978
316
675
335
325
782
447
975
600
353
555
908
706
232
161
54
382
554
814
558
642
494
340
47
537
561
678
778
439
807
903
651
959
873
687
417
339
75
674
416
893
392
180
196
309
460
403
529
263
145
504
918
326
85
789
699
2
819
617
684
547
219
232
998
698
637
200
762
118
517
230
406
656
279
534
775
467
965
637
874
443
40
234
615
597
540
71
900
424
713
10
900
888
299
89
11
499
166
450
938
416
854
595
657
503
414
867
539
947
377
302
174
887
538
551
466
771
421
603
847
902
313
186
586
280
203
297
562
991
484
347
687
640
7
878
610
947
439
914
693
83
982
112
660
193
584
370
485
890
224
617
791
857
744
814
355
936
87
571
43
185
891
638
393
943
32
283
648
783
23
116
73
423
985
497
924
497
365
492
275
65
149
952
286
686
319
998
212
16
699
796
514
289
384
241
648
406
318
939
178
145
265
899
256
834
32
484
818
520
95
146
834
218
688
386
985
326
176
802
497
904
702
437
6
52
64
516
438
869
743
870
296
876
156
917
27
877
435
167
953
559
553
869
327
158
248
99
469
871
317
989
97
246
300
624
736
968
956
327
690
460
431
843
169
228
11
877
91
439
93
24
311
903
886
839
735
96
789
367
676
569
771
646
200
520
147
726
330
677
303
875
285
413
187
995
362
773
300
531
210
85
516
605
672
792
542
413
692
976
575
732
203
754
122
438
956
639
991
165
774
666
904
20
698
247
682
496
364
896
98
446
328
109
693
360
997
202
861
314
197
470
513
505
643
997
642
402
604
733
18
262
686
448
228
71
487
314
274
780
575
2
925
438
730
848
552
495
952
607
917
178
254
158
274
563
600
123
411
957
135
957
427
511
800
77
254
3
734
177
476
635
323
256
451
3
349
591
948
401
525
822
165
515
46
652
788
996
778
224
948
976
669
518
344
102
765
659
408
570
305
59
828
855
344
270
903
15
147
717
299
871
275
346
468
535
854
10
4
763
361
912
366
949
523
384
666
872
730
546
917
799
703
268
179
835
269
86
193
996
76
94
727
510
577
346
670
389
295
150
281
101
660