788
117
223
538
974
984
48
371
17
520
773
493
769
450
509
174
447
443
836
502
53
897
238
909
564
911
940
122
857
569
3
618
397
87
702
445
721
101
177
17
535
740
838
718
143
788
960
170
850
372
513
182
762
238
175
994
517
693
769
911
927
323
676
719
155
281
858
780
955
867
895
374
777
37
228
320
900
606
200
567
670
812
415
618
682
354
711
722
18
192
135
870
946
638
5
612
518
996
959
433
520
202
495
435
388
932
3
342
554
810
246
106
493
984
462
658
733
216
95
331
446
675
328
360
333
646
204
113
176
22
210
227
511
846
28
244
460
380
694
896
809
586
190
524
606
546
116
444
99
383
76
661
433
221
407
518
148
833
128
914
247
515
153
908
922
33
587
322
608
293
354
996
803
638
497
644
649
189
364
34
322
819
678
486
454
592
399
801
625
505
865
332
370
138
530
355
139
767
94
519
106
587
711
457
558
922
924
466
540
31
271
942
954
911
704
45
400
116
689
15
300
574
608
291
400
867
13
126
46
616
892
474
116
751
119
505
150
595
653
58
570
250
759
511
337
977
917
628
389
871
578
582
16
863
269
626
273
963
201
348
272
197
773
942
734
194
16
664
995
974
563
27
801
429
447
388
55
434
907
509
53
862
325
998
87
89
978
575
660
788
839
547
21
170
309
744
244
124
298
880
376
835
361
99
636
873
623
509
595
748
23
606
918
553
410
697
435
320
849
502
595
757
448
836
354
238
779
150
814
342
403
193
328
218
678
371
582
790
139
120
397
303
123
425
174
97
919
472
38
656
670
751
140
392
74
522
491
482
14
269
400
42
777
112
906
642
148
268
902
177
957
485
202
611
897
882
274
802
852
954
994
737
694
314
549
516
11
530
535
403
983
353
566
987
983
460
532
722
815
23
625
26
125
882
344
538
975
542
937
596
174
856
40
776
151
978
663
998
847
960
420
978
528
87
812
207
155
693
105
963
712
537
514
812
810
421
377
73
349
837
452
787
756
926
27
842
562
584
248
279
868
661
697
528
721
224
126
986
515
638
878
127
56
586
259
480
635
436
400
7
780
259
283
935
822
633
965
629
937
78
85
278
298
153
778
10
736
888
346
326
309
716
888
104
194
607
693
558
426
504
12
1
630
563
115
216
947
878
281
457
645
795
923
368
691
452
275
373
285
828
460
346
128
494
732
427
701
413
2
961
589
715
335
54
386
529
271
809
873
179
12
802
109
155
243
813
939
281
544
773
626
743
510
512
792
905
760
494
233
532
626
668
605
990
963
318
649
523
291
332
818
377
224
69
881
271
188
964
479
31
162
486
766
388
878
979
765
313
384
304
903
943
728
971
857
930
405
793
158
666
298
125
967
20
883
641
379
280
690
412
799
634
419
426
856
583
558
743
304
561
232
432
430
230
24
673
928
523
272
196
325
743
887
681
898
630
384
475
685
607
577
284
699
789
958
86
332
717
173
644
657
257
947
964
304
511
978
769
552
329
462
343
973
105
365
219
64
395
219
469
379
695
19
620
484
411
246
334
86
75
567
62
496
134
329
359
706
114
96
563
489
944
407
678
489
574
497
105
30
561
15
179
407
130
536
206
3
980
134
5
241
791
256
110
191
510
229
185
72
961
535
956
391
959
862
329
163
859
727
444
598
237
813
263
96
151
300
723
314
924
307
436
203
630
115
804
171
971
356
178
992
529
19
786
196
989
329
402
507
587
682
611
412
869
449
118
205
935
370
678
568
806
8
207
482
115
115
341
719
735
705
219
707
320
633
319
834
609
671
139
838
982
689
141
120
697
844
828
961
833
417
13
843
22
736
349
970
316
205
972
796
721
624
438
557
956
191
385
268
128
855
754
135
257
346
508
8
119
340
82
654
465
101
647
79
47
141
792
110
898
5
755
440
619
693
822
216
997
135
615
461
802
107
495
679
884
23
632
709
427
960
740
461
806
598
699
686
850
340
897
527
995
202
676
432
882
575
497
302
626
354
905
395
946
968
785
197
919
702
315
568
27
998
788
799
579
323
35
631
498
184
172
702
857
157
280
466
428
880
201
78
604
843
404
853
739
865
838
145
472
497
145
205
96
826
555
169
424
618
361
600
572
919
967
990
58
483
250
434
327
602
585
564
935
964
895
755
331
686
541
495
982
402
117
32
678
669
712
848
762
779
880
861
854
549
986
952
539
674
240
817
566
69
193
872
164
566
280
260
939
686
226
772
606
709
346
802
267
100
207
695
773
170
733
847
353
812
249
250
162