4833
9589
9243
6670
3333
1425
5196
7287
5230
4992
8762
4846
6400
7991
7376
9476
1539
8877
6196
8728
3170
5424
1125
1314
8171
289
5554
376
9054
277
4427
8264
7809
2235
1707
370
2505
3615
4743
4550
9296
1903
3178
5215
5363
2451
6951
1576
209
798
4336
17
2393
7460
9916
4031
8562
6739
3369
8414
3463
7951
7626
4204
1337
6840
6894
4013
7532
5948
8544
6426
4544
3626
9088
3529
2746
2892
1036
3316
3212
3882
6424
2373
5109
6675
9233
3044
4260
2400
9216
1043
1933
6387
5138
3048
999
4321
2418
405
6970
3901
2608
2100
5671
3849
4740
6179
5680
2474
9238
5588
9524
6087
6424
4953
7312
740
8624
7210
9219
8517
299
4261
1437
8247
3578
3159
6733
6578
4280
8008
3432
5023
7299
7776
2134
8994
2253
1589
8550
1777
8394
6825
4193
5884
4793
814
8093
2214
1755
9188
552
2201
5981
8560
181
5425
8100
4688
9038
5474
5393
4819
6164
6415
6690
2704
3564
7153
5397
6308
3190
9731
6720
7313
290
4737
6677
452
302
5238
3773
8940
2560
443
8682
5011
4931
7032
243
2721
7284
1799
2022
1952
8742
8981
7076
9093
6458
6245
4686
5475
5606
1911
4089
6077
8645
4721
8347
7293
8444
1658
6179
2688
4894
8513
4599
7873
2571
1596
911
926
9133
1154
5459
4651
2579
6624
2297
4678
177
1409
6610
6686
3481
2547
4033
6728
4099
5337
5717
9420
4866
6139
651
2356
1168
2383
5814
755
1811
1013
1901
4585
7696
9137
1422
6548
705
2441
6269
8299
405
5416
9758
3781
9637
3584
8623
6410
7142
3158
8377
6371
5187
5323
8268
4874
4908
1827
2648
958
1269
360
2013
7022
8772
4264
800
6247
2466
133
1573
3156
6265
3575
1366
9287
5781
1539
166
1345
9262
3412
5671
8616
9592
7811
1787
3777
7904
7364
8928
6921
7476
581
4292
7460
5295
1858
2204
9587
768
3878
8072
3442
9623
5821
9680
7027
9811
9182
3226
7015
2912
4224
8831
9933
6448
41
678
7074
9217
11
2997
5248
9945
5003
8289
9147
2253
4366
3072
7833
4957
7898
1222
8063
7823
8552
4906
3476
6486
8388
401
1000
6945
3936
9871
8631
4293
4648
6394
8373
7350
4178
9487
3752
4844
6053
5107
1148
4398
850
2427
1424
160
4853
9050
6659
3206
4205
2881
6242
9241
6893
7827
1956
4927
7735
2889
7963
4193
7433
8341
6454
4948
137
3491
3037
7216
9900
5602
4703
5032
1950
9736
6729
2775
2457
4947
5733
9751
8136
1282
7220
2574
6648
7154
7490
1947
2878
1639
4573
1358
8944
7754
1545
9214
8652
2382
828
8337
7665
6282
9012
6808
4592
4919
8585
4207
8331
1815
6934
2065
5417
2431
7016
1037
7676
1252
8422
468
5188
2673
6521
5192
6963
7816
7812
5743
9114
8577
65
3797
6395
4685
4330
2042
6672
5857
9964
5064
7460
2647
7823
1650
9937
4389
962
9256
3173
6209
8056
4569
5799
4898
3291
7932
3224
7722
7182
8239
7074
3669
9270
2307
7367
8449
3662
7803
9314
988
9221
7563
4578
8047
5524
6058
3267
3062
8525
6827
1843
7413
1638
1660
9382
2519
3111
5187
6605
3592
6260
6336
3473
5719
5775
4099
254
6398
5971
5254
3415
9075
788
7531
6565
6264
5830
8347
8608
7269
8991
4075
2702
2170
9178
923
3801
1635
7340
3366
8572
1944
983
7905
4674
3025
5718
7978
6680
3219
3884
6192
5744
1510
6767
4266
2784
6680
6657
6994
9857
269
5141
899
2953
1422
3794
3577
1535
9976
8371
8556
767
5685
2220
9920
2089
7441
8214
6240
188
3127
8790
3649
3047
9398
8069
8808
445
1920
6237
4639
5300
3686
7728
9056
1141
8765
1338
2681
9102
259
6839
5836
5652
4038
7645
4316
1009
5085
4046
4884
2278
8836
3990
8912
636
2639
6575
3229
8063
2237
2420
8514
4363
4404
936
4680
3789
970
5875
3046
589
8665
6494
6461
1385
5066
7462
6077
5983
9582
2087
5413
8472
8726
7711
9209
9267
5316
3623
9670
7385
971
4059
3357
9959
7616
9647
341
4131
7705
5971
6347
4322
9783
4288
8782
8740
3480
391
2331
5858
6360
7740
3215
2167
9439
559
5231
6642
8589
6905
4964
3431
1639
8407
3556
8159
9813
5997
8928
4421
2373
987
5688
9664
4382
6956
5274
6179
8132
7284
1
8579
2591
3348
1327
7815
7929
5096
5560
556
3716
2442
7867
9527
3028
1170
6103
1255
5693
1206
8457
4769
3879
9220
544
4427
6869
2279
4560
1373
544
9830
7409
4357
9158
5376
6656
6751
6894
1589
1500
7281
2633
7708
1706
8068
9624
7879
205
7309
1871
4789
453
7019
8346
9775
6891
6874
1093
9415
7549
9686
3536
3950
9138
5416
1417
9518
2652
4872
4760
3623
792
6072
8053
7478
7851
5224
5022
488
8966
161
5755
8038
3913
518
6588
3607
9862
7324
83
8870
7629
7975
4079
5620
9998
5067
6635
9348
7893
3593
7224
5236
2279
1254
2201
9121
1227
3214
2426
7009
9442
4414
8730
6283
8171
526
962
1444
2218
2057
2393
1200
2652
5325
6665
9602
2587
7280
208
3508
3334
1809
3111
8457
4907
7158
2214
1150
7804
5381
6928
3479
8709
5068
5011
5405
9602
6737
3739
199
7963
8348
1443
8171
8413
2156
2008
4674
1556
5061
9458
4635
5927
6243
4198
6256
1019
1751
4931
2977
9721
44
281
44
8706
1342
5102
5283
8034
8420
4559
8656
3479
8318
4141
5725
5920
5136
6608
1983
2690
9027
9282
4247
6209
9254
1981
530
8728
5125
4898
3872
1819
7323
5716
8646
4503
7120
9788
6992
7350
4874
5827
711
1696
154
6588
5286
7866
4647
4148
762
1190
2056
5588
9217
8484
480
4286
2066
1772
3825
9999
913
155
3468
4170
2698
5148
5253
3825
8289
4572
7719
2466
7700
7311
4496
5951
4701
8345
3254
6762
9699
860
8593
853
7239
1437
8355
8516
4051
7212
3881
3190
4974
6097
5207
1306
5054
1423
8410
2997
927
8364
8268
5179
159
5463
5471
9301
8889
8599
9065
972
2385
8694
9684
1382
5182
7985
4444
4306
320
3902
2512
7462
9645
3420
3302
1111
8183
6050
4365
3961
7861
5953
4517
7939
7822
623
329
1901
8546
8971
1923
3858
8229
9996
2525
4144
4035
7919
8750
7092
1559
1570
6581
3826
1688
7967
7565
7679
8655
8107
4281
1763
6152
5420
6352
3959
4592
879
9063
1503
4540
1467
198
6522
6027
7737
9236
3238
4759
4989
3628
860
7748
3708
6213
4072
9422
4922
1002
115
7362
5234
2997
4736
8069
5058
8050
8873
8539
944
4508
5899
4423
1279
4526
1527
544
717
3049
1291
4688
9897
4886
8349
5366
8866
4102
1894
9464
5443
7121
375
1000
8051
9579
7375
1469
5122
2244
9341
8845
7204
4380
8376
875
5936
4391
922
3038
2471
5140
9010
5307
7613
9125
471
47
5896
2011
5807
3092
6558
3557
9185
3904
9725
558
6412
6351
7857
4882
2597
2680
6337
9784
3540
7968
617
7966
6176
6320
3664
4832
2598
9337
1066
1398
802
4081
420
7543
1734
782
7188
7908
6188
8513
7552
9027
5446
971
7061
4298
2404
2051
2674
7178
749
2212
7123
5799
8053
4942
9329
8395
7851
6806
8724
6383
558
982
4854
4837
324
331
157
6190
5367
2740
3174
8919
9302
7663
9216
996
6803
8252
3703
1560
9388
5107
3986
3959
6955
316
2362
1067
9977
677
3753
3523
7460
375
4491
5858
3843
1694
4237
3623
5803
5061
3060
3558
5492
6660
9987
8968
721
6139
760
7742
2785
8348
756
37
2138
5305
9269
9770
7257
7032
9313
3318
5974
231
113
574
8988
4985
4954
302
9794
3487
9003
8818
9013
1166
128
7360
5697
9176
2742
1244
8847
8314
1089
5145
3561
4721
1168
3641
1322
5124
8090
4966
5378
6992
718
2789
6835
1871
5476
8011
8721
6487
9585
5897
5004
5058
9359
6570
8644
8205
1517
672
47
4551
770
8104
7393
8852
356
2912
2598
1076
1271
3059
4630
8110
4564
9743
2496
983
9100
4804
570
4792
6346
3936
9022
9472
6665
2323
8952
8105
1419
4956
1725
652
5949
820
3387
9812
3342
3445
6740
8852
9394
1065
6393
798
7314
5059
3647
1499
4135
5902
680
4014
8788
4837
1179
3539
1960
4839
4002
5143
2563
1968
8259
5091
7788
1700
5569
7264
5177
1468
4267
8598
9750
7758
5390
7086
3097
2929
7873
3457
499
6906
3639
7657
6735
7003
6915
6650
2344
6642
2544
9683
6822
6601
6932
2326
9314
11
6249
9031
4298
3518
9117
1990
2752
1007
7796
9383
4691
1179
2102
4975
5838
7218
1534
56
7967
473
9062
2323
3566
2092
2294
382
9333
2304
7022
1331
7423
9805
458
7873
8238
2172
475
5239
860
5578
8665
8489
1979
4612
7009
2282
7548
3329
764
8393
5908
3779
7766
5321
9399
9003
9359
7501
217
6056
4072
2976
6880
1850
9924
5796
4938
3398
4865
8875
7382
142
8713
8314
1611
3063
8640
7458
3812
3004
6344
5551
5681
8943
7781
9646
6682
5758
6024
249
4400
1787
1781
9968
6031
9076
8430
1310
5299
5187
4523
5435
8249
1924
3363
2555
3673
4245
8366
1836
9126
5466
6868
4708
8302
6539
3014
530
1302
4586
3239
3338
2433
3241
4977
8188
8428
4221
9580
680
2609
6262
1289
312
6111
1831
8554
3515
6830
6505
8949
6932
9081
3320
575
7672
8216
2278
8712
1133
2839
2720
8829
7016
5016
8575
8866
9306
5649
5376
6520
7579
9164
4018
9928
5768
692
1700
6985
8585
6640
4296
2257
2126
2987
6063
2306
9867
9738
6182
8176
5553
6074
1668
1948
5668
7269
9833
5342
5437
8423
9100
1181
7919
5279
6157
4941
8662
4825
4800
2604
4743
1297
452
6590
4498
7630
138
9119
3020
567
8081
2131
926
89
7440
3521
5957
4140
469
1520
9745
4957
9262
8647
6145
1404
5577
4881
5015
7581
7803
9875
5365
7697
821
693
7753
2198
6719
6023
6520
6038
8255
7597
7714
9954
9236
1194
4797
9012
3428
570
7814
4749
7692
5619
2180
3620
184
2816
6542
798
6860
6116
8609
7820
3599
499
2837
1559
5638
2004
6682
2124
8564
5063
52
4230
3651
4225
2010
7892
5880
1365
6447
5461
3608
6691
4614
1323
8629
3667
9099
2373
5903
342
9897
8219
6785
7435
6318
4695
7342
9932
7387
8395
6981
2935
8882
3954
8456
7483
2619
8173
2831
9445
3067
8385
6594
4251
129
2104
171
3446
3235
139
5311
1922
4381
5705
1934
7887
2047
1047
8192
3424
8546
2592
8659
4913
4181
7761
2307
6654
7934
9307
1794
7995
7391
3761
8358
4744
4821
5572
8670
7060
2256
6193
5739
9547
3528
3305
2484
3972
658
9137
4993
5412
1502
7289
7944
6569
2700
8543
6075
8679
93
1256
2253
1095
3436
7540
9110
4430
1558
1826
9018
3072
3297
7860
6456
2313
9530
877
9836
782
6730
1236
7631
3729
9372
9556
5933
2017
5711
9853
5531
3828
5467
8061
8884
850
8471
7848
7177
1395
7362
2734
7541
7074
6205
7055
4395
883
6407
4506
469
86
301
5962
3612
9605
4671
2192
5960
9622
2711
3016
9787
1126
9975
7243
6890
5731
7330
7960
6144
2813
9424
7575
4070
3627
259
4864
2199
4356
91
9935
8567
6588
3178
9445
8272
9016
4334
7168
9327
5263
4306
5784
5527
6832
2031
5487
7996
8754
9056
9908
4086
7013
6284
113
4403
1278
3517
2112
9650
5598
9571
2496
4379
4647
275
4149
4621
9527
3567
4703
7112
4598
6894
3289
903
8226
8238
1229
5982
1622
8208
946
1607
5130
3756
5803
9198
4023
2542
6858
5656
2177
5396
6332
4898
2510
6844
4570
227
5180
7712
7856
5451
3905
5299
7611
2588
8857
4483
365
4788
8071
2088
396
4557
586
8810
27
3000
6056
4039
6606
398
2399
4261
2576
7008
2528
6054
8416
4178
8451
8622
2058
4773
9814
7148
4555
6833
7134
4831
6631
5304
4192
5165
5998
180
4075
5001
2267
1484
2068
8491
7664
4799
787
3424
1085
9375
7277
6877
2083
4405
7803
9796
7570
8760
9666
5323
8382
9915
4947
5064
5821
4125
7071
7617
7629
2018
9092
4536
5054
168
4570
5854
9579
3854
6491
5060
3083
584
4020
1783
3995
7548
4880
9933
469
9024
9730
2232
6950
8941
1814
558
3221
6783
5222
2101
6335
1421
8638
8678
3152
9497
6399
9781
2762
8529
7089
817
3325
8951
8448
8595
3956
5236
4876
8576
343
3946
4912
8462
2990
6799
3952
7462
5261
5055
5077
5677
7097
1595
4583
83
2723
8016
4536
3981
3121
7155
9497
4530
8604
5987
8726
7081
1315
3914
6681
4232
480
8921
1890
5264
7094
3213
2885
6642
45
2094
6581
2558
8953
1582
3177
9933
6854
2139
6012
1003
2101
2395
1653
1876
1949
5778
2167
6415
8715
5756
9476
6413
2962
9747
9421
5292
3073
1896
4689
5857
4035
8916
8985
4566
3252
7042
852
6408
1777
8583
4108
9677
6385
345
8750
7855
75
356
5000
9007
6590
6902
8017
8431
9179
398
2523
8260
9517
252
4502
7575
3875
1434
7093
7842
1340
6011
9039
9613
1700
5367
1778
6387
4568
6329
4345
7722
6606
2
3484
5265
7588
8671
1079
7705
3670
9774
2691
1153
6872
9008
6494
6208
5644
7588
8872
8625
899
9232
1984
856
4117
8549
769
7521
8782
6200
6918
6064
3721
5784
261
846
4643
1277
9444
5740
5455
2503
1211
1060
8844
4292
7939
1033
5831
4360
4436
7744
2936
1084
4047
6615
9087
9662
2042
2400
4000
3727
7369
1339
2655
8578
5471
7433
4806
2993
5774
8117
5479
224
1024
5794
8538
6053
2623
4585
8877
5372
4624
128
1661
1209
2332
3790
9740
4818
9281
1806
6211
3633
3587
8926
3061
2443
8894
1875
3438
2903
7916
2837
2174
7331
2444
5895
2613
4856
4455
4463
8775
6404
5479
3127
3598
7609
7604
436
4426
314
9408
1092
3741
4087
8528
6924
4875
151
7049
6680
3320
6347
3484
2860
8086
3751
8081
2888
3747
6188
4030
4810
9121
4365
3836
3509
9677
8484
920
3159
7446
8437
6716
8629
6174
3273
2554
7703
1913
7067
55
3083
3704
2406
837
7336
2901
4991
1560
8253
5542
7684
8155
3576
7407
785
5945
2227
5184
4354
8916
6594
1855
1912
7693
9517
8120
2112
1349
8347
8003
4104
6362
2216
6950
9261
5045
8794
4014
2199
4311
19
3509
2131
3338
8370
9966
7380
7114
8648
295
5294
5409
39
2480
7091
3454
7787
4289
1815
9914
3602
8984
8033
6401
2349
3802
4408
1922
6669
6765
5297
7556
7296
54
8650
1774
8384
8995
9315
6786
1308
6990
9552
7130
9534
6972
7539
2331
7186
3250
6832
9115
5682
2817
9615
8001
2104
4976
8313
6541
8349
5941
6224
7298
5370
3839
2068
9916
5098
6718
2169
4283
3864
1975
6893
5666
821
3599
5560
7037
3953
5966
7044
9120
7760
1034
7740
4533
5002
4864
1033
6919
9439
9430
7697
9341
2949
540
3181
2826
9827
2472
1531
1753
119
67
3296
3001
9000
3716
7410
5113
3220
9150
574
3601
6182
4291
1324
3569
3578
3738
843
6647
1098
9688
3762
3421
7158
1729
316
7748
2247
1737
6581
7906
1573
8006
3353
9841
744
8969
9902
7358
4093
707
8991
4924
9416
6121
8397
715
4866
8270
2888
5158
8688
2523
2612
5769
4335
9059
1845
9378
7849
1157
3651
5113
7737
5969
6558
91
9355
532
7417
1739
4034
5498
3588
3412
1304
5616
9669
473
6817
3019
2180
1439
9467
3104
2235
4835
8985
2177
7349
9611
2816
8094
9453
9712
2619
8309
1902
4303
3038
1836
5449
6661
4113
9005
76
661
9386
5467
5722
1740
3738
8209
4415
4169
5837
5002
7285
531
2064
4598
820
3153
759
773
1085
2389
50
7869
4618
347
7322
4816
5574
2559
3224
1837
9524
8404
4060
8124
1876
6165
1449
6758
6583
8571
7818
2989
435
1455
8745
2111
5926
6355
4706
4989
4511
6059
5851
7934
8513
2127
9352
196
1801
2174
9695
3907
7914
5347
262
4526
7465
6344
1395
8397
8907
6634
9700
8881
7344
199
4314
6183
7078
7653
1303
2515
7600
2625
1498
4152
2582
327
1031
6305
8083
3816
1773
8549
7071
4878
9426
9500
5741
7770
1545
3858
5454
7408
1151
9716
4229
4114
1003
1626
7910
5631
1555
3664
1287
3087
3125
5743
1457
1924
190
3378
5181
5738
1920
2990
309
2495
9217
8929
8037
4214
6276
2833
1490
1943
7732
7943
2663
9694
6455
3741
7761
9186
8516
9660
333
8019
15
2584
8564
3671
9097
4265
8119
5003
1018
1328
8129
9256
2403
6055
5250
403
3906
6771
1611
3462
4993
8679
9388
3051
1488
62
633
7329
864
3877
4360
8254
9253
4231
5858
7987
1411
5582
3812
5049
1151
8904
1891
3870
4742
8574
2259
9094
4324
9346
374
9512
6367
8218
9278
648
4515
1383
9780
3309
2816
2926
1935
4809
4925
2002
7593
8164
5742
1958
9414
8031
8134
2070
8728
6290
9017
3245
1967
3735
7231
7526
2621
2769
2185
9233
7729
4363
8756
5320
8937
3167
6798
7806
530
7242
9836
2096
4788
2066
1861
2186
2454
1740
4634
9306
9994
2203
4035
1635
1873
5185
4517
6936
8662
7439
4797
8467
8113
8367
4553
3725
5562
3399
6925
8746
5637
4554
538
1330
1196
587
2558
7850
7958
4230
4464
6436
4231
2157
1218
9619
8717
4650
4727
9079
1435
6143
4838
4767
3930
158
8305
8262
9630
7356
7016
4877
2766
4545
8224
3297
6368
2755
494
152
5153
4640
7452
809
5266
6003
8072
7170
2304
7670
8939
1012
3275
9361
8968
2894
955
4744
9296
3152
6150
6337
270
6568
1274
9263
9621
6272
175
9249
5532
6333
9763
1167
433
6739
7768
5128
2200
1608
8814
2461
867
5229
1779
2541
9665
6871
1975
6596
3545
925
3449
7268
7939
4524
6961
5856
2463
2200
54
9185
5832
8352
7309
2826
1070
4929
2803
4937
2380
3690
191
3571
9503
5004
8060
1493
1160
2459
6070
6579
4806
561
7386
8058
5312
221
2311
5212
9416
9494
7501
5468
1092
6093
6567
3312
4863
4926
4704
9116
2702
2439
9997
2053
2589
1098
9017
1155
1461
3438
596
2784
5396
4475
4767
8464
7043
1081
4017
1133
957
5874
2343
4067
8514
9355
1024
3886
5519
9409
1297
1603
8248
7286
7507
3900
7709
2596
8621
2616
6687
4758
5951
9945
6108
3749
7935
4733
7848
283
4748
7623
611
3162
5518
7515
244
9337
5827
9146
3006
9885
8551
8104
5348
1820
4539
8501
2158
5896
6295
6061
8738
8748
1640
5582
9084
2448
7019
6563
6411
3205
3468
1540
7419
9331
9302
8997
6841
7885
5438
5496
7030
4236
1530
2481
3798
826
4646
90
8660
825
2408
8234
9463
5130
8770
3156
3821
7819
5092
6053
8130
8686
128
237
2808
5404
3500
1676
2572
7954
9709
9251
2827
8634
1530
2019
1186
5833
6845
9450
9939
2723
9488
5366
8411
3635
3103
2643
8301
2590
752
4443
5800
1233
459
3460
7419
5714
3204
7569
6631
176
4576
9202
4596
3275
7345
7445
2897
8440
7397
550
3261
1117
3913
1677
528
9049
499
6130
273
4872
8183
5838
8334
441
1414
3418
1618
5316
5634
8827
5812
676
3920
5607
3304
1887
747
8218
1609
3260
2248
7499
5667
7557
6922
9317
2045
390
5741
1432
1017
5544
7868
3079
6849
7032
9555
6304
5430
624
535
3244
1532
6348
6403
4211
936
5640
646
7176
3340
5425
3031
7628
3880
7695
6112
8350
8001
439
733
7273
1402
131
6753
2968
9031
5895
5446
9424
2650
513
6243
5504
3030
8084
1034
3728
5077
531
3672
5870
310
5587
2699
8666
9421
9043
7607
5139
991
3124
4490
8537
3079
3672
4464
7496
2451
3759
9250
188
26
2524
2071
3500
1440
4856
674
5165
7937
9009
1526
2366
9304
3653
7748
1804
1121
9826
7206
177
103
5201
2004
2052
1037
7991
9511
4088
5561
4576
3807
2598
3035
5506
6240
6363
5535
8978
5166
5157
7731
5101
6424
9191
9814
3957
9275
6142
1196
4902
5707
7293
7643
6521
842
8614
753
3235
4718
814
2915
7503
6297
2985
2893
3728
8251
2274
3602
977
4467
7652
9208
7742
8265
7203
6866
5244
5323
8367
8676
2398
9607
9346
3542
5234
8488
7036
1985
7263
6262
1817
8082
6100
3900
2686
6862
2154
4628
220
5292
1710
3829
3226
8643
7099
1154
9396
5504
1041
7593
6426
8923
8402
7594
3052
4173
5230
7425
5981
6027
1121
400
1104
5051
2560
709
331
7523
1379
5917
1055
9926
7221
6504
5083
6576
1021
9170
5969
446
9293
4169
5656
384
4754
5714
5114
1694
2598
2751
111
4358
5440
6039
3775
5198
3401
5841
1530
7938
7105
6561
6597
3881
9953
749
2343
7792
5677
8451
8939
1677
4967
1744
7009
5810
9660
7444
1192
9470
2539
4888
8049
1448
8186
7107
4187
291
4634
500
6690
5286
5545
2086
2390
4151
5068
2453
5913
4707
977
6732
8013
3570
5930
2473
8094
2481
5180
3354
5827
4540
9430
2879
6870
3529
4242
9547
6908
7899
7051
4070
9682
4948
8639
9866
7404
4527
7611
7752
5474
8915
6357
3450
5464
3286
3209
2240
2510
2858
3779
4840
2422
6291
9
4704
8002
3336
5313
2507
7304
6879
5726
4457
9224
6952
1530
3339
7653
4754
5579
6026
5068
9760
8885
9530
9210
5755
6439
4008
149
1486
5396
8678
968
7043
8290
7772
2608
5662
5901
1135
2000
5079
3373
3216
1405
7540
4740
1004
4721
2632
3650
3778
7717
5143
7267
9571
4235
8982
8016
6741
444
1220
585
4844
9204
526
6847
9611
3074
9320
6649
8054
4570
9352
3644
6197
6707
6212
8561
1744
9971
351
4583
6967
1494
7797
4782
1553
7523
3092
7314
4930
2003
3840
3469
5007
5296
4858
7538
1843
9570
7686
8666
4549
2195
9486
727
401
8956
4113
7265
5068
8791
3974
9656
5101
11
7986
1839
907
692
9661
8271
6312
3465
5054
4102
4644
3481
6592
1790
2004
7192
1627
6385
5238
6101
378
5837
5072
67
7691
3873
7764
3729
9138
1597
2214
3211
1837
3344
8375
6918
5048
1264
7433
4567
6473
6991
8133
4904
9716
3691
7788
6632
366
8779
8301
3607
7266
9882
9333
555
9043
6629
7410
5059
6036
9849
9643
5704
5552
2659
1579
2874
222
3993
7018
7778
4182
8935
149
8395
7634
2450
5587
4135
2412
5838
1831
3680
8851
5816
2097
6840
577
2911
1684
8244
4762
5197
6117
1956
2737
5516
5296
528
2188
4132
979
7929
592
7958
6769
4259
385
6174
7682
3861
3313
2908
9986
8685
2517
2968
9496
2799
1418
1937
3123
7971
7542
5349
2657
2935
6044
9950
7580
4161
8095
9752
4144
7126
5704
4468
4595
533
4561
458
8590
136
8096
9994
4991
6683
6277
414
4928
2510
5587
5067
9976
4219
7527
7399
4977
4199
3788
4435
8939
1334
95
7434
2617
674
4346
6370
5216
2953
1951
2543
5168
7549
95
7964
5599
6992
4130
8811
4337
729
5081
434
2291
3119
6292
7911
3331
2471
1274
2497
7986
1295
2974
9450
3368
2339
5380
9072
6460
8725
6815
5194
5769
1331
20
3066
7881
3385
4185
9546
2483
5473
6478
2065
2580
6772
6923
4364
4913
3148
6255
2320
6009
2407
3642
5125
5211
9999
4465
9443
4565
8129
7029
4315
3066
7983
7332
6184
3473
5809
2206
3158
2707
1170
1317
9146
8848
2063
2856
7778
2860
2414
7724
1248
5708
3282
3025
9699
1791
1099
9713
7015
7347
1951
1364
6214
8237
3150
9016
2699
5734
6909
5594
4974
6797
6546
2545
8137
5492
2530
9404
8956
2445
9654
5299
4776
3754
6310
2911
1708
7990
5915
9792
9679
9674
2234
3671
9797
9608
9518
8583
3393
688
5536
708
8144
283
3616
9406
4633
1722
2582
7484
8483
6992
2238
1301
787
4968
5918
7083
6012
1423
8540
5913
225
5646
7885
4936
4900
283
9664
1565
3401
9688
5311
4354
4391
2674
5608
9235
4648
2681
2076
9335
8342
9756
4680
75
1910
81
6366
4574
2443
7841
9700
430
5684
9181
3980
3082
8978
7192
1467
6330
9425
5548
1015
4922
3306
9660
6927
5585
2719
2741
1061
1320
7602
9359
7234
8089
1166
6449
9936
1400
7912
7759
1325
723
7515
4705
9859
4879
8848
9490
6097
8235
3826
4546
411
2996
4169
6697
9360
558
2605
8080
5706
2501
5692
8402
3525
5493
7445
2164
6470
9434
1672
2251
6788
6304
6696
2780
3232
5679
8274
6941
3857
7985
5396
4145
4870
9001
9663
5705
4479
822
1588
8068
7168
394
2304
2294
191
7116
6641
6585
1129
5111
2272
709
3148
2876
3206
3886
6000
8968
2161
9297
5655
6836
8915
1736
8392
3897
639
3149
8063
5463
3867
4691
2036
1746
670
8518
2388
4072
4073
1158
1679
2140
7051
4741
4082
9713
4184
7992
9473
8170
6838
105
7120
2410
1479
9901
3880
822
4470
8350
638
2583
4878
9260
3360
8679
9746
9602
4784
6093
6243
4412
8214
8830
2558
3377
5308
1691
7903
9269
4562
3931
5268
1693
9696
5703
57
6329
4581
537
9147
7319
6106
3306
639
7555
6725
305
1668
5777
5405
8947
3241
3008
8132
6876
7991
1849
4207
2272
2313
4337
3155
3501
7722
2245
1714
9145
9213
2884
2395
7237
2956
6173
9878
4150
7729
4134
3422
2375
7579
2700
8570
5609
7615
5660
1516
8341
107
6337
3825
3084
2082
2877
335
2580
8969
4663
5018
1778
3449
4247
7501
7695
2471
7982
1296
2184
2464
3833
2829
9396
4002
3522
7414
105
7957
7644
3366
7886
6482
4479
6147
92
4407
6986
1996
9521
4526
1302
2442
2967
8766
5126
7784
3424
5456
5445
6442
7006
3332
4232
7421
779
1161
759
9623
3416
9983
4403
7873
4684
7742
1713
7998
9039
8019
8261
2060
4410
781
8590
4763
8287
2171
4761
1631
3116
1324
4276
9820
7212
5484
9584
9551
3374
5990
7773
5170
9733
5646
4907
4757
6800
1420
7046
7541
3684
7362
3230
1392
8909
2218
9331
7252
191
5653
5284
6831
7480
9640
8915
7404
3787
3656
5954
380
2536
4902
1275
5849
8351
2028
8768
7061
9541
9440
3803
8216
8659
9315
2590
7502
9380
2646
3285
134
5828
5649
7830
9454
9121
3827
9920
2109
2811
8400
4817
8745
841
7989
4239
9910
263
534
5331
4563
5069
4162
2986
4546
2263
1293
7912
6093
1168
4590
3022
4595
3199
1162
7242
509
4949
554
9190
5535
6492
8284
8265
6423
5787
1936
3746
1913
4004
756
8549
7659
931
6550
7956
1183
5095
6630
5906
3326
2659
7915
300
2609
9377
2576
2750
2479
4510
9275
8551
3825
4327
397
8748
4201
5076
8710
2007
6603
9292
3035
2663
5584
7878
1333
5740
4411
3540
7070
3359
2521
2761
4983
6963
1006
3971
1008
4365
9721
1636
712
1510
5952
5742
2682
5417
5428
7867
4097
1701
9889
9873
1662
3110
7846
2685
1118
493
8925
7750
7667
7082
8659
6409
8534
1455
7126
4201
2652
3449
561
4272
9062
3458
7518
3731
5630
100
2861
4092
3539
9286
4206
3791
7339
1844
215
3580
2745
2854
1984
7771
9810
290
2347
7578
6636
6759
5866
537
1145
7664
1681
7873
3510
2810
797
5048
9188
2061
1252
6231
3237
6651
8518
3741
8093
8001
97
5252
8677
3566
1577
3946
3953
8875
1277
3856
4126
2428
1931
3900
5915
6085
8567
9801
4857
2292
6613
6180
3419
8641
8474
4768
9823
2704
4342
7114
9737
4912
7808
6901
7637
5938
859
7794
6859
6668
6409
6847
9148
4952
7119
6809
3422
1352
3751
6548
1582
9975
3573
2342
6110
1988
5411
8101
9280
8788
4242
8944
4616
3845
2678
5266
7894
4216
4176
9905
4051
3807
5223
5816
8874
251
1307
1143
3505
7840
3838
5194
7599
6458
1403
6177
6907
1167
9855
8594
4447
3251
8959
6102
9898
5806
2093
7827
9219
4417
6597
717
2581
8493
3295
677
880
8731
3280
1701
8994
1553
9404
4047
4744
1684
9011
5276
4791
6279
5843
9972
8709
3147
2127
4402
7943
4105
6101
5459
6589
6018
7641
9914
4037
7107
1003
8825
7777
9306
3559
1489
1355
6280
4945
3147
2869
7680
4903
5769
3222
1937
2217
5333
5900
8685
8804
8093
1526
7951
2420
6808
4361
3460
7500
2368
7578
6874
2451
1427
8627
4050
9113
7086
1566
4099
9225
2333
4237
5267
5264
6496
1407
8268
8453
5915
645
2441
5594
740
966
2819
7769
6468
1569
2199
8973
4161
1481
3177
6488
2851
4154
8708
7895
8026
7586
5498
172
9451
7309
2605
8493
9243
443
388
8998
988
8510
8985
3500
6154
6097
6447
4999
2084
7455
5577
3507
8199
7336
6551
735
7231
846
263
2754
9034
5035
506
7272
3593
1027
7280
7469
2830
3909
1726
3669
287
141
8907
9336
1727
2594
3987
5580
8780
5250
4737
4921
1792
463
3163
2481
9180
6088
4623
756
5884
7663
4370
275
9837
1072
7993
1691
1725
3818
419
5810
6966
6059
6673
5550
299
7360
5243
26
8244
6920
8827
556
8085
3919
1510
4971
7769
4292
8736
6616
4689
4718
4640
3694
1720
3982
165
1748
5264
6098
1702
8421
4452
2150
5050
1278
2418
3338
6545
9151
7194
6336
9639
5125
8941
8438
5441
9963
8892
1766
4885
9255
244
7588
304
294
5575
1841
6679
776
1083
2169
7000
9343
2221
1377
7674
9692
7121
8230
1987
9689
4147
3723
8985
3476
5095
6250
5286
2940
4503
7907
4046
3189
3281
453
3232
739
2639
9334
7192
7491
1081
4813
4805
5813
8572
4230
1971
2711
6240
3665
9990
6612
3165
2107
9448
8963
1527
1695
9867
4604
6808
3351
7703
2009
820
2296
1273
127
2047
4891
3606
9623
2621
5813
4804
3046
3246
8535
7370
4775
952
9718
3641
6440
5669
1054
7557
4427
1124
8121
8816
1120
1784
6103
6891
7612
9550
835
9551
2965
7765
8842
7408
1889
3554
7809
3780
8541
1048
516
6545
7709
2769
3659
405
1084
3015
5382
9133
6117
5004
7039
5819
1732
7088
5615
2641
6758
4447
3378
5632
5066
5845
2894
2883
2770
3991
1293
4070
3908
5751
9123
2007
2293
1502
6751
3549
8853
4001
2055
2935
7185
6891
9319
1074
6769
9193
7107
1657
1790
966
3000
1237
1841
6156
7533
6339
4486
5910
924
2475
268
4800
3308
1504
4863
7402
7881
8065
5232
6164
229
1078
1706
7461
2615
2414
5986
9335
4360
3383
1920
6816
4454
4626
4257
7166
2544
3327
3134
9255
1891
5573
6932
5730
451
4696
617
5918
7878
8290
9619
7329
7979
2907
788
7886
1034
7811
8526
1356
9721
1678
9634
4045
5155
5820
4126
5868
5706
6440
796
3203
3544
4490
8049
508
6647
8892
8824
1503
404
1604
3379
4401
1368
3473
1808
4674
1302
299
9995
9110
9263
7439
6242
8857
7365
8299
9914
8966
9683
2927
7571
7955
728
5065
3084
9419
404
2076
9166
7715
2011
3656
9615
4884
3047
3645
3134
6309
8015
1311
6303
1757
8615
8728
2846
6814
1413
3572
5330
4988
1394
8222
8789
6685
9912
7376
8504
9642
8087
3093
260
8076
5939
6186
1716
9768
7346
1527
6608
129
193
168
267
2333
8662
5703
940
9652
1282
4488
1655
7180
272
2227
556
6924
9641
3963
2481
584
3394
1668
2163
6780
9326
851
364
2943
719
7781
4589
1813
798
919
5373
7007
465
9720
6093
4442
7447
6682
4402
5762
3979
9262
4047
9721
7851
2858
8852
8138
71
505
5325
6997
5310
9542
6431
5667
7806
3964
7450
5012
4010
7942
8448
1242
6338
1407
6624
1068
7107
6256
8677
6418
5214
7601
5959
8783
4
8218
9156
347
2474
8398
1181
4817
599
7276
3225
1149
8474
9056
373
9219
9688
8622
5226
909
4181
2950
3032
1241
8366
1947
982
2405
8126
9702
2818
9471
8388
2998
5262
188
9119
487
4081
6705
4370
8826
7801
6652
3536
4428
8711
6035
9943
1495
9610
8366
4950
4064
7286
2886
4547
244
331
7430
9321
8367
6442
4626
6374
5460
6959
6101
1181
3746
6571
2038
3994
2433
2435
4283
1320
3653
9172
9504
8933
9509
1133
3242
7392
4595
5518
4624
8219
6494
2461
5829
3205
1253
6197
7763
7630
4952
2739
8134
846
1054
2457
3961
9031
9246
4373
9055
4034
531
4937
322
5396
938
5809
3088
7578
6587
3167
9816
6508
3020
9348
3527
3974
9304
6882
6821
6436
8978
2188
8903
5246
5244
7583
5445
7531
9856
1811
947
8201
8921
1147
6876
9334
8617
5904
575
4814
5205
4938
5486
2311
7510
3933
4537
3115
3633
154
1714
2271
9927
8953
5873
1425
342
3664
8445
2455
9220
6212
1129
8470
3437
8389
2225
921
6925
3414
6050
9818
6533
6756
6408
3768
4811
8018
3406
4425
2107
2386
7411
1902
591
1469
6713
1053
9846
5348
1547
4882
7849
225
3405
8157
81
887
6891
2742
3572
6400
208
8276
4241
7967
507
3236
8045
6446
7726
537
1197
1794
2283
5625
8757
9643
968
1244
7942
7486
1271
5991
251
7153
9201
5572
1139
5016
6104
2339
1406
3916
8121
597
4234
1533
1819
7102
8199
9856
2985
5035
8957
6058
7102
9098
2066
8235
7449
9572
8877
9377
1997
1426
192
9646
1446
7399
1305
230
4684
8144
4708
1503
1996
7234
6197
1604
6120
45
9160
1084
1114
8660
7045
3422
8793
6502
77
2483
5441
5781
1071
7783
7019
9934
2847
4382
5225
3606
5803
2830
1746
5978
5992
7266
7519
4020
9188
1301
5170
9091
4796
940
3942
2995
2892
929
724
5857
4556
623
2873
2483
4919
7983
9453
9438
6770
1108
1630
7193
5192
3284
1940
1679
8809
4324
2360
3513
6352
5736
7539
1146
6170
6787
7292
880
4217
3595
6981
5586
1043
6453
9861
2712
5683
2877
8606
4085
3654
6725
5338
5002
3618
578
2480
7795
2397
1891
1506
5985
9898
544
5270
7793
2534
6664
1810
6131
2648
1617
7625
4900
5440
2555
7662
6025
883
6907
8121
8386
5181
8144
7196
6835
2497
805
576
1605
8054
2087
6323
8597
989
2128
3942
1603
8899
5654
4053
3560
9000
2724
2243
8138
863
1392
6321
1441
2745
115
6006
23
2838
6000
7926
6269
615
5792
708
8356
4815
4884
6401
3216
4576
5575
2374
7636
307
8234
5038
9003
6369
1220
7714
5199
3245
3533
659
7645
4786
1979
4983
4258
1056
6020
4105
4010
7986
3291
3751
4262
6517
1272
157
4688
4264
3721
4471
88
1579
1906
2730
8219
1403
2572
296
3949
3603
3230
3488
513
368
6950
7308
5379
9526
7859
7043
1227
7925
549
6885
2331
1603
9595
9213
7198
2699
9720
5608
574
331
3545
9890
5935
10000
4611
8403
4983
1082
7861
966
9495
6434
7760
6938
4844
8304
1499
8712
6111
9704
1451
6489
4687
3393
815
285
5729
6414
848
7171
4616
2168
5782
3459
6221
4712
5475
4004
7996
4643
8374
766
2815
7060
5317
4260
1259
3161
4034
973
8912
7550
6046
483
3629
7696
5537
8466
3444
5716
7487
5624
9990
433
7540
4222
3643
7285
3389
9848
8331
543
1087
9439
9696
8656
5999
5256
1790
6078
2836
4710
8111
9153
9883
3086
9433
7444
8472
8171
7860
1113
9674
4040
8898
4838
8191
1839
7494
5063
5068
5705
5314
752
2754
918
9975
7207
7416
9133
9876
9106
2216
3561
424
6823
6526
891
6631
4889
3835
182
3676
2362
8231
9881
2794
2916
5425
6505
3750
8469
997
8623
7847
1269
6943
2194
3679
5035
296
3409
2549
9916
8186
9396
5047
9776
3575
5835
3117
124
8820
2444
7153
1402
6224
7166
6294
3518
9301
879
5450
2469
9825
5900
9639
6617
3290
6675
3642
932
1503
4578
1064
3683
8218
7228
7052
3120
8643
1637
3260
5985
7896
3437
3012
464
7117
5842
3099
4681
5952
9797
6338
9595
8383
3905
8342
9171
2049
3833
2341
2551
6422
410
3840
1165
1693
2275
2464
1072
2350
3806
987
5985
9688
8356
5648
2841
8018
5289
677
2958
5388
4436
6427
5491
390
1148
4272
7675
520
1788
2493
9515
6350
6671
6527
7389
1632
2299
490
1619
9787
803
3264
6001
9777
5516
7481
8320
8601
2309
5729
2830
4976
7619
3644
2617
7441
4787
6882
1490
409
891
7726
789
3246
2364
2930
1915
2229
8293
7972
2174
169
1272
5525
6364
1556
9411
3743
5982
7116
4529
2217
9247
8724
2389
8781
9258
437
6544
2694
216
6916
7289
7314
5631
2487
9354
9940
185
6341
636
2552
3426
9960
8612
7846
8205
9400
140
4770
8676
9698
8233
5217
6312
1464
2482
858
2794
6633
1162
479
3640
128
8226
13
5142
6320
2420
4377
2343
2326
5382
9551
6400
7525
536
4815
5409
3696
4786
6347
2603
7527
4211
7377
6126
6678
7903
3233
3993
8394
3486
7589
6382
8192
2668
631
1760
9625
192
8898
2055
4808
3040
8183
8774
7543
8029
7896
900
4096
1110
2256
2818
2649
8555
1612
3395
6082
7638
8858
5191
9451
1379
9537
8668
2095
3414
4092
3859
809
4991
7931
387
3948
585
724
3920
1683
5545
4408
227
33
6926
4269
8350
3455
206
2177
4882
3180
8709
4937
6624
5250
6366
1196
2904
5651
387
8107
3935
1682
9798
4013
8471
1422
5901
8729
6093
3104
9172
6895
7027
1375
7188
5651
7554
9671
9842
8050
710
7081
6236
2669
8552
6567
1557
1888
4680
407
4095
2798
1617
7806
4844
1549
9482
4243
2829
2237
9738
9024
5801
4900
2532
5040
5132
3146
7285
5506
7
3670
8450
1216
438
174
5450
6275
6665
486
9721
9275
951
2219
9958
5838
575
7901
6272
1439
7343
2149
193
1177
6421
3781
1560
4243
472
1184
5387
5429
3633
9255
3871
89
1651
2731
9542
3313
9933
4159
330
6175
3448
9255
4926
6948
8257
5708
6235
7175
2812
8998
4869
814
6547
8929
3440
4346
9384
3472
626
2386
9953
7364
2949
3553
9806
9322
6541
1004
7770
128
3619
4186
61
3773
2216
3878
75
1991
8687
3832
1614
8502
1081
7205
5779
6856
1410
6080
6158
2604
1038
1161
8860
6925
2377
6774
4879
2635
1562
7538
4501
3976
3619
2690
7225
8465
8935
2042
3579
7111
346
5457
8601
9421
2036
6445
6897
2098
5436
448
67
6477
8009
7018
2889
5676
6278
8312
2784
9256
9437
9688
907
4072
4324
5218
5713
6539
3053
1513
544
9062
1907
2114
8976
2516
1516
434
6756
6353
4425
5222
7516
6523
3186
5467
2951
9032
8234
6059
9058
345
242
4582
4910
6033
3406
6274
3565
3329
7509
8213
9286
1518
5393
4264
9552
1528
510
9344
9546
4965
7061
9813
3768
7861
1247
7233
5878
8530
9665
696
4544
6609
5922
9276
737
4434
7508
7490
8854
7097
3195
5442
2490
5292
1709
9877
804
7811
2550
9636
7543
8408
2458
9513
1297
6653
8771
6219
4862
5566
2145
6776
1881
373
8124
2398
6629
6304
9808
3611
3914
9913
1313
8571
222
5871
1376
8676
7618
6044
2317
8528
7631
9444
7599
3607
2668
5785
2960
5363
1354
1062
4292
4628
1446
6355
6722
9246
728
5677
5471
5851
4248
4082
7960
1628
2252
9835
218
745
1357
8778
2694
3538
836
5620
1629
8221
466
6422
8011
6929
4268
5923
2919
3064
7603
1235
16
2861
8839
8366
4117
5917
5043
2806
4721
5137
7901
3009
2878
8256
6240
7037
6500
2016
6329
6374
6745
8211
9623
396
6016
9183
6257
3838
3683
5848
3011
5001
1142
6889
7362
9234
920
8014
8433
8344
8452
1700
4406
2132
6275
9331
7921
5964
7812
1243
8995
1461
5022
880
282
7523
55
3413
6701
9695
4530
3241
4827
5208
8847
5422
2321
3792
9173
1229
9369
2073
1237
312
9635
9
5412
6782
8342
433
4003
3536
2599
2808
4879
1017
7131
9218
3706
3424
6050
3358
7187
3154
7459
3753
2770
8295
2934
3556
4133
4476
1176
1852
7793
3348
3877
5098
268
7222
7763
7735
262
3818
7014
9829
4052
2270
5469
7807
4417
8769
9500
7712
6713
3081
5071
8226
2116
6374
6460
6251
3404
8349
7352
702
2709
1260
9646
886
7031
1954
4698
4375
4672
4327
6682
9177
3274
8564
7522
2346
1705
1904
4255
2576
5103
9293
1605
9286
9158
8999
5103
1545
3834
8977
4809
4814
6361
264
8467
7401
3115
7598
6859
2569
9135
2451
5890
8414
4808
545
998
4214
7199
6656
5010
6938
2039
7012
8833
786
5666
7401
4780
1242
961
2612
9858
7792
2751
4608
9263
8349
4525
2650
2083
5510
1852
8300
2988
8221
7118
4923
6178
5284
967
7286
7283
78
8508
6944
2708
6605
7811
7692
376
8713
7642
6327
3076
2019
3362
1987
8135
9645
5108
6860
7100
9164
7811
9242
7245
4811
4096
3914
1434
5422
8065
3777
8854
2701
9959
6064
1086
5026
1515
3437
7303
8299
4971
3269
191
983
4521
2546
8548
3611
7642
4447
2634
2821
3982
2594
1855
1684
6270
3729
1263
8350
8829
2828
632
3869
2577
1130
4615
660
9223
4899
3102
3402
232
7354
5016
4165
3409
3702
6157
6885
1229
291
7077
9524
210
7714
4054
4578
1371
1063
8165
2206
9742
1946
2141
5599
1072
3329
4022
4725
3479
7275
16
772
5590
1158
817
4844
932
3195
209
3169
2239
9065
3642
4175
5760
7738
1590
6723
8699
600
5962
2028
6640
640
6460
3186
6252
643
486
9344
1327
7118
1079
5770
1554
8755
7973
9340
5738
2064
8680
2601
793
6178
8242
3353
864
2035
9863
8107
3445
9934
6369
5362
4816
1910
548
736
9390
4426
5524
9245
6945
7019
6123
7794
7906
3515
6177
9783
5748
2276
4819
587
2335
2563
1931
1628
452
7744
4453
1262
2857
8643
685
1933
8724
3754
2306
3250
9357
5367
8559
6129
5868
9088
7090
2087
5861
158
565
4627
3580
3526
9228
7170
5328
6078
1101
4737
5413
4679
3960
1164
73
6602
914
6331
2113
3640
2940
2668
4767
7442
2087
4289
5411
6451
9976
5966
9740
917
1794
9818
9584
2961
6627
9542
1742
4937
2797
2326
4468
4464
1086
7405
1756
5562
7918
1660
1239
7565
2311
6569
5877
4067
492
6757
866
2841
8604
6753
3306
2859
1708
6097
8327
8209
2917
6554
8849
5020
4638
7815
6547
4865
3011
4766
9685
8402
3860
8553
8427
9092
9752
9565
5935
1395
5038
9233
7003
737
4902
9082
821
9661
5879
5032
3267
4162
6083
4931
5415
1939
4140
946
9092
772
8802
3665
6821
161
3765
8437
8662
5663
3266
6648
6209
4315
6927
827
3201
8349
8334
29
617
3675
1764
9351
6663
9597
8234
9471
2692
2407
4005
6734
6912
5999
7134
9316
8467
3149
9609
2008
196
6933
3002
9052
1760
4475
669
8478
1305
1589
7165
6269
7907
1086
2645
983
3840
4581
2920
5841
5470
9772
711
1433
9380
9854
5851
7915
453
4531
2029
4030
7676
2052
6906
3356
2553
4872
6772
2736
6959
4032
7285
9035
8322
9208
6943
1182
4082
6957
4601
4908
8285
7996
7700
9346
7124
6878
7136
7144
3037
6528
7012
9894
4574
9068
8253
2230
2944
2942
3785
3162
9294
9011
1004
8069
9442
7927
2249
6040
9710
8622
453
9898
9831
3491
664
6789
5839
8960
5838
1018
6474
8119
766
1962
4118
374
5897
8895
3669
4821
3361
4603
7834
435
8683
8071
5672
3730
2486
8713
2415
9850
3506
921
2302
8137
2337
5935
4956
7234
6802
3798
5014
8630
2622
8475
3805
5330
2462
3467
4920
1414
8593
2674
3718
9522
5987
8831
5959
4055
4983
2992
1060
9220
832
9958
9487
5311
2978
2466
8354
2628
2075
1987
263
5890
360
9609
169
674
8269
4292
1306
6344
8730
9839
5455
1263
4541
8503
5803
6739
5768
2190
2406
9591
4761
3837
5943
6139
450
338
4921
8582
9391
28
5919
6389
5612
9366
4523
5584
8328
1097
5722
4699
8346
5462
7383
6748
4933
3509
1660
4798
5472
671
7930
2934
7124
8753
1665
1881
6884
1261
1493
9223
4452
8347
6090
4146
2412
7904
4990
1355
9494
514
1774
6543
5247
1373
1085
377
9976
5744
7414
9748
5129
452
3427
6715
2857
5829
6447
4091
1663
7085
9000
6276
1973
1380
2463
3268
2801
6866
6907
5926
3528
3132
4484
2062
9689
1524
4774
8557
9655
2842
1273
5341
8281
5038
6302
5170
5372
9319
7799
1846
8521
8266
3874
3032
5517
5404
3539
4682
3840
1354
6255
5707
9913
4747
1662
6595
1828
4933
7401
7016
2047
3168
1999
7491
5014
236
4726
1433
4351
7613
4565
5689
1243
1028
4212
8641
6891
4743
8712
2323
7257
9911
1025
2864
8845
3833
179
9058
572
3385
5406
3212
6879
3312
5633
2084
6555
4884
7780
4947
5516
621
1308
433
5199
8218
4341
2322
3205
1802
8812
605
2523
2777
1959
7347
3621
3236
1483
4996
3773
222
5282
4780
7101
9987
8649
6238
9392
6399
5477
2847
1443
3734
9387
3812
5444
2114
240
1642
4142
7168
6967
532
7569
7225
500
9393
2259
1931
6509
3332
8370
6515
1071
8768
4302
8160
8819
9253
8337
7779
4608
2849
7743
4767
5833
3993
3139
5659
5787
4922
4216
9535
1532
828
7129
9122
8845
2810
7431
2106
4493
6508
5623
701
5230
3109
653
760
2350
9835
1475
9060
1816
478
4690
2171
7454
2575
5879
978
3705
7068
7822
377
3428
1719
8010
5316
3446
8223
6042
7913
9005
8571
5341
3274
1356
763
1562
1150
885
895
6883
5421
5687
3325
8131
1985
1560
1026
897
5513
6498
8061
5200
8442
751
2986
2989
6252
7572
5795
9683
9011
1270
3285
8054
4134
7618
7380
6679
9924
5842
6445
9292
7982
4240
7058
2895
1448
1081
436
3071
75
224
2177
1001
45
4470
2745
2331
6713
7773
7109
2824
1942
1402
6577
9943
617
7805
8313
442
5042
1452
584
5517
8919
2016
6204
3355
8407
7888
8633
6118
3357
9497
3118
4326
4651
2305
4032
2566
8569
7864
8439
8059
7250
9660
5470
3071
374
4823
6267
7905
7038
1249
2517
6825
5502
1005
4583
9685
7590
2133
8460
9398
5558
6188
1985
9130
8728
4104
9479
4326
1352
6123
4786
6637
1855
4358
9260
9525
895
4160
4439
4239
2772
4393
3332
2107
1669
1100
755
6660
583
5204
8432
4810
8111
7017
3701
1206
5612
1095
6592
5731
9082
855
582
9020
5103
3519
2730
9471
4337
4198
303
6648
8813
2766
6692
8689
7402
870
8135
1695
8213
1074
4705
8325
5800
9765
3371
5258
8575
6773
4749
7395
3986
8811
4691
8019
5875
195
815
7895
4777
7956
1447
7771
9034
6832
4266
8484
9693
4030
1852
279
2441
2460
3984
2683
1915
9260
7212
5618
4236
9947
3104
3365
7290
3335
1977
6831
9055
4968
3431
3286
9393
2905
5367
522
5211
6741
4899
4722
9626
7114
3752
6297
6474
5545
6693
729
8320
1193
1359
3746
7539
6768
1031
9429
3596
8686
322
9842
2192
7483
8077
1379
6962
5046
5145
5962
9467
931
3341
5234
1068
9681
6723
2815
1024
698
2051
3389
3168
9484
6563
538
8953
431
3407
2407
9178
6906
2825
2143
4485
7905
3474
6078
4852
5574
4725
4451
5861
9236
3054
221
311
209
1193
5957
4663
5342
4164
781
5628
9301
5454
8677
6494
7758
2001
2907
1502
9571
704
5021
6467
6309
6356
6210
4429
8510
663
2924
7041
8701
9700
8372
4191
4175
3999
8171
6853
7258
6676
5297
2558
11
6502
5222
5896
4364
6215
2633
8842
5418
6001
184
5262
2297
2884
7247
6875
2612
5736
2886
9230
2376
8468
4949
738
8859
3928
6393
376
4202
5040
9163
3453
9861
5723
849
5503
2379
4980
3548
6897
9328
9051
4635
6659
6531
7793
3490
4849
3160
1039
3309
1408
1801
9524
4435
715
3336
5353
1452
6370
1781
5644
8847
3332
1317
5775
8446
6201
819
7795
6736
3524
5479
5125
8988
8719
1617
6385
5995
6529
9286
7604
1851
4644
6078
3043
6162
6738
1880
238
7841
3296
795
9270
1895
2341
1400
4514
3530
3972
5320
7491
6006
1108
6306
68
6291
712
7005
1785
5643
1269
9952
1326
666
6628
7807
2775
4489
3984
3836
7881
1989
131
5267
2391
8405
6373
2358
1217
5778
2580
5898
4040
9920
4651
4515
5481
7872
4600
3292
2708
958
3053
5653
6141
8055
4009
6194
2930
5110
9462
3619
1368
5821
7308
4722
7808
6234
6958
5442
8533
4392
6622
8148
5746
7813
7407
2039
5006
540
3026
1685
9903
7449
5116
5691
1873
1648
7864
2938
6870
6226
6578
219
1899
9719
8856
898
7832
8408
1689
2820
8826
6878
6516
8142
5453
7476
2603
5740
7252
9788
8954
9280
1008
9919
3735
6393
8068
6852
5655
1672
458
7458
561
3338
7810
8157
2372
8585
6606
572
7339
648
6676
7021
7600
5783
5554
3763
4316
2299
6051
6104
8564
9024
6430
6402
2305
4353
3545
2223
136
7926
5175
8994
8011
6460
9723
1290
6547
953
3368
5114
9849
3446
7651
9558
6085
7619
5460
4364
7347
5801
5104
6985
5126
529
9175
4665
9932
9851
7111
2709
7210
8384
660
9578
1755
7381
9706
5959
1063
8515
9453
1200
1327
1461
4271
5482
258
3946
2509
7301
72
4428
4888
2305
9107
2115
4053
6996
8742
4151
310
1687
5923
6339
1221
9979
8123
9540
1159
537
7104
9145
7452
4520
6680
670
9826
4936
4587
3162
3453
3242
2965
426
1158
8521
5388
4232
244
7861
7528
7711
2920
381
4897
4333
5903
4947
2958
2390
434
3299
5326
7438
5535
2098
1512
8449
5674
4184
1315
9221
9758
1336
5737
936
1337
8995
9545
8892
5490
3151
8590
4893
6015
8309
617
2989
7792
4293
6228
1654
697
1206
1985
2811
5544
917
3188
2343
4254
6394
2776
2381
130
2727
5535
2307
5478
5904
4395
7997
307
283
3412
1440
8556
2255
9002
2576
730
9873
4353
4444
4046
490
8238
5700
3332
5713
2475
8654
2319
899
6433
1279
9515
3920
4881
190
7169
28
4969
9540
6799
3820
4121
6723
7510
2411
2694
4540
6847
5023
1941
4896
3439
5911
937
8392
7094
4751
2402
8967
2544
5237
4412
6798
1723
3058
9499
9201
805
7293
8187
7842
6559
1822
5658
5113
8048
2204
5798
1115
6971
8628
7931
1996
3771
2782
591
639
4736
3070
1249
5594
2577
5624
6273
2490
4167
1534
6774
5271
3476
5674
411
9958
8144
5862
3245
384
5511
3306
7007
1268
288
3334
131
5670
1092
3026
1383
5947
451
7146
4677
5906
2557
9115
4468
9506
636
9059
5978
3325
9038
4208
4111
7382
2972
4489
1065
9793
6153
8629
3145
9116
1363
7559
7368
2985
8830
9477
837
7396
5995
2870
8660
7459
5557
7061
9250
4505
8462
49
7047
3920
5341
3365
3948
5649
4938
810
4011
2937
3581
6358
5373
2099
1949
625
1822
4695
2584
2293
9866
3476
1574
2776
1205
6818
2104
7244
2066
6590
4532
8469
1419
6597
1042
8107
8992
6204
2304
8652
775
689
1487
2135
4185
907
8204
8462
5682
5399
4381
7072
5273
3676
1137
7298
4660
2977
5841
1681
294
2021
9830
4603
7611
922
6198
5001
7140
8912
1626
5414
4219
4863
4941
36
5771
3275
4910
7537
1067
3265
5349
6695
1024
2412
6498
7903
6513
2266
3473
8434
948
7151
4799
2008
8439
7893
4636
2917
9680
2636
5926
650
394
7471
8905
1243
7304
6660
5954
8903
7742
8382
4242
5157
7257
620
7066
787
5026
875
8972
3990
4807
5516
1713
9891
2045
9081
4238
8705
5162
1051
2100
2277
2929
4692
5803
8257
9760
9808
5937
2948
9789
6231
6782
2958
249
2959
9828
1890
6292
8475
8754
3539
640
1583
7181
4553
9572
4270
2051
5125
5214
4911
5037
7618
3695
7527
8308
5065
6901
8948
2292
5814
1019
5644
1422
1708
6403
2042
6102
1332
1583
2441
2521
7358
9141
3968
2995
8134
8323
9394
9346
2110
9990
5895
5391
2677
8133
2857
6739
1595
458
7613
4877
3013
3166
8987
4414
5624
3983
9755
5236
2474
877
3165
8516
6676
3890
1831
5310
6398
6117
23
4121
7042
2948
9729
5177
9112
3706
6681
504
7463
7144
9363
5954
422
7555
2426
5442
6982
3186
8260
8976
3465
1834
5097
1881
6503
9748
9882
7902
3647
7810
8403
9058
3786
2975
9778
9805
2040
3161
1465
114
5666
6537
437
7565
3997
891
9492
6880
4172
477
5040
1403
3064
8272
2936
9866
2379
7458
1823
2698
3751
5969
6263
6928
6453
4387
36
1593
1560
3349
699
2249
4443
3503
7721
7155
5098
8976
2037
9349
4091
3857
4595
4524
3660
2732
3100
7030
1351
5496
8584
5040
8985
2654
8994
2814
9495
309
755
716
6823
7273
7013
1998
6067
7699
2348
9302
4525
3264
8332
9772
2350
290
4668
3300
6488
6269
9647
7829
3010
2675
7121
5828
2242
8062
7621
5571
2333
4483
9607
8318
6567
3696
8319
4259
5597
9012
7396
6684
391
3131
581
1454
1574
8314
7199
3307
2232
8179
9145
6511
6494
6779
9816
5780
1580
4648
6048
4797
7323
2775
4986
8759
3872
8451
1650
2171
5633
4004
5339
4047
3050
5622
1816
2614
245
1767
8721
5212
1586
5062
7072
4140
8795
7842
8139
3064
7378
5474
8864
3420
8391
3680
6741
8496
6694
4738
1142
555
9319
9427
8273
4297
3979
2846
5266
6828
8344
8771
9208
2689
2480
3686
9370
9476
1031
5157
4240
5718
6132
5042
9767
2910
9678
738
8599
142
8430
1749
8128
9918
5104
5162
5214
1524
5116
2768
9615
707
3033
6669
4458
7754
2122
4608
2240
6789
7111
9568
388
4900
4242
635
3793
6768
3322
4613
2715
3995
3753
4195
6279
4573
6722
4028
5386
8509
1922
9789
6935
2501
4817
3173
44
8448
6303
6797
3383
9669
511
8511
2211
1191
2838
7648
8623
4167
5098
155
2244
1347
3543
3305
2316
7203
684
8303
876
883
6890
9257
9608
1815
1556
5613
994
7053
338
6620
4095
4858
2644
7768
9585
2093
833
2260
7116
4557
663
1329
6017
1664
4639
1765
5359
5123
6638
9730
2036
6810
722
6178
9310
337
3742
3095
8511
7101
8337
8803
7214
3348
9559
7887
3246
3552
4077
7401
2483
4037
4967
3935
4257
9998
2169
8445
8308
1136
7231
9839
7479
2638
1018
5482
3441
8218
5016
1438
262
4242
8260
5300
520
8828
977
6723
7474
9892
31
5391
942
2576
1814
2181
9920
7861
3547
1889
3325
1891
5248
8148
8232
2184
6494
5829
8167
3245
3437
5968
3461
6611
3939
2401
9132
1748
554
8842
53
418
2364
3947
2799
6254
1880
8646
4410
7196
1324
4635
954
7656
9263
3783
8439
2888
5737
7560
3846
5278
1637
4131
9177
9728
3163
169
1876
5030
1681
9300
5706
7381
982
9320
4223
617
628
6247
7530
774
7920
9095
5904
8842
4493
2887
8084
73
9343
5624
7000
7136
5588
4635
7736
4589
2534
6396
8987
4581
5855
7814
5177
9046
8170
7685
2870
5439
3555
8960
4898
5435
2442
7528
889
6965
6420
1382
1173
5458
2401
7541
4103
8367
5227
1074
1813
974
5929
4435
3274
9600
5507
3586
9145
3011
6467
1381
9057
8986
2963
8673
4945
5453
9737
2576
498
3738
7085
4504
5810
1009
2245
5149
1807
8414
8898
1211
8353
7795
30
638
2642
3944
4736
7677
4542
6559
6652
6721
5385
7274
3634
6606
5065
2161
4333
2942
8563
204
2342
115
8487
3362
5612
4253
2755
7969
3402
4138
9316
8676
6853
7399
6698
3256
7378
6479
7640
3399
2270
5188
5017
5775
6301
5349
468
6854
733
8186
4701
6650
8713
5729
6562
3816
9197
6982
1740
372
7565
8672
4657
3564
5206
2425
7738
8411
7477
2736
7465
2005
4842
8762
7549
9976
8282
3075
8343
9968
8159
3263
5637
3821
4198
4082
9187
3837
1820
4925
1678
7645
3938
2898
8861
7583
6852
8784
4655
5761
1297
6888
6209
6818
6156
2754
2127
2224
1091
4792
704
8026
3271
605
6506
376
5667
7458
4440
5584
2096
4865
6417
7924
4790
6076
4316
3083
4597
6250
1924
1389
4297
39
7429
7954
7492
4806
7338
9010
1048
52
9656
4995
7344
7204
6195
2158
9654
8494
2759
3665
1124
2409
5913
8258
8670
8608
6559
9783
9314
8242
3288
8248
7909
659
959
1034
4075
110
619
8135
9917
5569
7258
2612
1000
7616
7916
2073
7409
7918
1878
9839
1016
2991
3484
7839
6244
1674
7200
2555
1452
8716
9631
7329
9354
9607
1819
2535
4530
1332
6304
9457
4275
8709
4422
7523
6378
6798
5706
8143
9009
3929
6102
1603
1911
2575
6567
9622
7048
5288
401
826
1160
6918
4663
4443
1005
4625
2039
8896
9654
7717
4447
829
5817
7983
4054
4895
382
6740
4002
6292
1524
277
4252
2819
2174
2416
6073
2796
4747
4035
9213
4254
5413
4558
7958
9982
1648
9001
59
2034
4325
6846
3066
8477
3326
3879
1108
6367
1186
1827
9047
6430
4520
7823
5513
4125
8183
3078
8512
1567
5879
1148
753
5562
3599
56
9520
3066
116
5558
3728
9502
3110
6565
6285
9184
9653
497
9488
1022
3088
1900
1412
6979
671
3832
690
353
9748
6144
8971
979
6737
3866
5770
3211
4980
5207
6226
6806
4704
3422
5623
345
7187
1102
7253
6029
519
6751
6578
1784
3647
76
9417
6193
9095
7597
6654
7048
92
5216
6656
7901
3383
2913
102
8661
3181
1616
4865
6026
5442
3667
1086
7765
7695
9950
2605
8061
8953
652
9846
7461
8824
7766
6571
2943
1133
2523
2240
5211
1403
5430
1957
878
7877
1779
7972
1466
785
914
3568
5566
3456
3816
7409
7817
2558
2439
3351
916
279
3242
1441
9827
3145
6456
8900
8729
2961
1881
4942
532
5698
6163
5092
8327
5165
5549
5101
9186
9516
9056
1577
9148
993
6112
5630
1009
6248
5504
1018
8805
4989
5974
3215
4070
2133
8693
655
2799
1751
4777
5277
9971
1720
9337
4416
3285
9893
2452
1800
7101
4582
3366
923
7581
3930
8830
5370
4529
611
3209
5723
6531
8641
9193
6511
1820
894
666
2072
933
9855
8021
9692
7613
7683
2383
7951
2604
4540
8908
9550
4306
9744
7709
732
2872
2072
2416
8924
7346
9836
7953
7701
2391
719
753
1739
2487
532
3072
2289
8926
2920
40
8010
5546
6801
6854
1894
1615
283
5530
6775
8229
4047
3223
996
3653
5807
4290
1587
5825
5135
1629
4708
8825
3975
6479
768
977
1805
9853
9922
7266
3247
7156
8738
2315
6555
455
5171
2849
1912
7222
9479
7489
6633
2087
2866
4929
1125
7045
9067
8411
5833
5897
7894
449
4393
4335
4828
3064
5874
3534
8831
5536
4920
1925
1543
4199
1521
5149
2403
1592
7610
7924
1483
7950
6842
4358
5881
2307
6279
9159
3317
5180
9553
8264
4719
5278
597
5698
7834
3389
377
2633
871
338
4561
6875
2266
7624
5711
2286
9524
82
6053
8500
1010
3523
7941
1090
8637
1491
1014
3813
3730
689
9577
6099
2633
7720
7035
7243
3538
8304
5280
264
5223
9549
5384
5614
1129
2269
4399
6523
2962
3220
4223
5783
7577
5453
7244
4380
1679
9962
5699
4630
4403
9658
6831
3116
9982
6879
7106
7995
8159
5700
2202
4391
7530
6552
3679
9281
1550
9312
8669
9862
1503
8042
9300
5067
7645
5671
5842
3208
1725
1476
3051
5222
91
2314
3670
933
3299
170
8094
8673
4205
9178
1835
8797
6420
9615
8634
5765
1146
4251
1233
6961
1637
4596
1266
5732
3259
8841
1908
1228
8582
2163
3686
4739
5702
7373
9847
7549
7535
8305
130
6023
5808
2946
8962
1474
3659
8593
6667
9996
4038
5332
7601
6245
2498
575
4758
6525
6199
7895
2079
9217
5287
1005
574
7722
6924
8763
4121
4014
6408
1482
6594
5358
117
8232
2686